  0.50000000000000000                            NaN -0.15036646536009649                            NaN                       NaN
  0.52613636363636362                            NaN  -9.5473762757802116E-002                       NaN  0.45805003728882770     
  0.55227272727272725       0.56632236294266258       -4.1306576101700278E-002  0.52501578684096228       0.45995692673103422     
  0.57840909090909087       0.56570523799988148        1.1462388737952715E-002  0.57716762673783428       0.46408137830968038     
  0.60454545454545450       0.56511958400889439        6.2202438491292623E-002  0.62732202250018709       0.47006291283038359     
  0.63068181818181812       0.56456263808418095       0.11033152859347607       0.67489416667765700       0.47757552484222654     
  0.65681818181818175       0.56403199797751880       0.15532203532817807       0.71935403330569681       0.48632304210253569     
  0.68295454545454548       0.56352552623328556       0.19670562036751385       0.76023114660079938       0.49603532572341719     
  0.70909090909090911       0.56304131465435203       0.23407715732664156       0.79711847198099350       0.50646592772796739     
  0.73522727272727273       0.56257770758042758       0.26709770313108844       0.82967541071151607       0.51739020004636638     
  0.76136363636363635       0.56213317173127242       0.29549650992666099       0.85762968165793341       0.52860372541730249     
  0.78749999999999998       0.56170637314776162       0.31907208578768770       0.88077845893544926       0.53992143911489276     
  0.81363636363636360       0.56129610005167074       0.33769232445225328       0.89898842450392402       0.55117658663652891     
  0.83977272727272723       0.56090124115901951       0.35129373559829197       0.91219497675731143       0.56222010712401960     
  0.86590909090909096       0.56052080079347633       0.35987981765092864       0.92040061844440491       0.57292000793367126     
  0.89204545454545459       0.56015387758809598       0.36351862467295193       0.92367250226104791       0.58316081258580255     
  0.91818181818181821       0.55979964762549994       0.36233958744615119       0.92213923507165096       0.59284296840601536     
  0.94431818181818183       0.55945735657011908       0.35652965632688310       0.91598701289700224       0.60188233199921193     
  0.97045454545454546       0.55912630774599226       0.34632883979681672       0.90545514754280898       0.61020953044510895     
  0.99659090909090908       0.55880586875126681       0.33202521778812555       0.89083108653939247       0.61776941530182827     
   1.0227272727272727       0.55849544966393116       0.31394951281699846       0.87244496248092973       0.62452034255744948     
   1.0488636363636363       0.55819451956733457       0.29246930470210947       0.85066382426944398       0.63043359843070368     
   1.0750000000000000       0.55790256983668873       0.26798297618347539       0.82588554602016406       0.63549245199936000     
   1.1011363636363636       0.55761914974065085       0.24091347711498762       0.79853262685563853       0.63969163967878861     
   1.1272727272727272       0.55734381907198027       0.21170199411832441       0.76904581319030463       0.64303629163242948     
   1.1534090909090908       0.55707618997069441       0.18080161070783546       0.73787780067852993       0.64554129199422328     
   1.1795454545454545       0.55681588693020456       0.14867103998847842       0.70548692691868309       0.64723026018996455     
   1.2056818181818181       0.55656256429229323       0.11576850816620823       0.67233107245850154       0.64813472859914611     
   1.2318181818181819       0.55631589977175722        8.2545862376206161E-002  0.63886176214796331       0.64829321516350324     
   1.2579545454545453       0.55607559230180581        4.9442970821122888E-002  0.60551856312292862       0.64775028042062910     
   1.2840909090909092       0.55584135891528275        1.6882477017954166E-002  0.57272383593323695       0.64655566717830093     
   1.3102272727272726       0.55561293559845182       -1.4735036817566639E-002  0.54087789878088510       0.64476334476389330     
   1.3363636363636364       0.55539007388235384       -4.5035429458299935E-002  0.51035464442405387       0.64243064179219700     
   1.3625000000000000       0.55517253977424974       -7.3674883230391605E-002  0.48149765654385818       0.63961737532607121     
   1.3886363636363637       0.55496011401722023      -0.10034325710497789       0.45461685691224230       0.63638501382398993     
   1.4147727272727273       0.55475258957713736      -0.12476688594811645       0.42998570362902100       0.63279587603065657     
   1.4409090909090909       0.55454977102827219      -0.14671080957149388       0.40783896145677834       0.62891237137016276     
   1.4670454545454545       0.55435147470333224      -0.16598042316315426       0.38837105154017793       0.62479628694599809     
   1.4931818181818182       0.55415752619656078      -0.18242254843986574       0.37173497775669501       0.62050812559757051     
   1.5193181818181818       0.55396776043631757      -0.19592593235689229       0.35804182807942525       0.61610649878594870     
   1.5454545454545454       0.55378202284947564      -0.20642118734977957       0.34736083549969599       0.61164757589303698     
   1.5715909090909090       0.55360016403668888      -0.21388019378690926       0.33971997024977957       0.60718460155558485     
   1.5977272727272727       0.55342204643362602      -0.21831499151003492       0.33510705492359111       0.60276746431628359     
   1.6238636363636363       0.55324753525429760      -0.21977619297089879       0.33347134228339886       0.59844231807607184     
   1.6499999999999999       0.55307650408995301      -0.21835095548294234       0.33472554860701070       0.59425130930128933     
   1.6761363636363635       0.55290883292383219      -0.21416055445554633       0.33874827846828592       0.59023232377791002     
   1.7022727272727272       0.55274440802736091      -0.20735760313169518       0.34538680489566570       0.58641881209372981     
   1.7284090909090908       0.55258312087885730      -0.19812296728613588       0.35446015359272148       0.58283967270697168     
   1.7545454545454544       0.55242486778622846      -0.18666242554766169       0.36576244223856685       0.57951919703497645     
   1.7806818181818180       0.55226955080080031      -0.17320312748368807       0.37906642331711227       0.57647706897273243     
   1.8068181818181819       0.55211707398438326      -0.15798990233484089       0.39412717164954236       0.57372840880113585     
   1.8329545454545455       0.55196734881537668      -0.14128147132805524       0.41068587748732144       0.57128387821918869     
   1.8590909090909089       0.55182028886943624      -0.12334661585340813       0.42847367301602812       0.56914984049990081     
   1.8852272727272725       0.55167581281246358      -0.10446035249526524       0.44721546031719833       0.56732851311319099     
   1.9113636363636364       0.55153384101668990       -8.4900164002234074E-002  0.46663367701445585       0.56581821594034321     
   1.9375000000000000       0.55139429863979972       -6.4942332809247216E-002  0.48645196583055250       0.56461361846165292     
   1.9636363636363636       0.55125711333845406       -4.4858420740881241E-002  0.50639869259757286       0.56370602559176297     
   1.9897727272727270       0.55112221577951381       -2.4911935084509118E-002  0.52621028069500475       0.56308367844413920     
   2.0159090909090907       0.55098954075915707       -5.3552173857248694E-003  0.54563432337343221       0.56273208038747757     
   2.0420454545454545       0.55085902434104150        1.3573412849731221E-002  0.56443243719077274       0.56263433322169132     
   2.0681818181818183       0.55073060581709521        3.1652231798037236E-002  0.58238283761513243       0.56277148273315680     
   2.0943181818181822       0.55060422684341026        4.8678379188310791E-002  0.59928260603172112       0.56312286860557048     
   2.1204545454545451       0.55047983095744868        6.4469802054938768E-002  0.61494963301238748       0.56366647442381523     
   2.1465909090909090       0.55035736392793999        7.8866860857625606E-002  0.62922422478556550       0.56437927372942820     
   2.1727272727272728       0.55023677429026630        9.1733589291582013E-002  0.64197036358184834       0.56523756834173888     
   2.1988636363636367       0.55011801176710862       0.10295860388581010       0.65307661565291875       0.56621731544406551     
   2.2250000000000001       0.55000102864810885       0.11245566414305569       0.66245669279116448       0.56729444024498232     
   2.2511363636363635       0.54988577833584207       0.12016388845493774       0.67004966679077982       0.56844513135589647     
   2.2772727272727273       0.54977221671292842       0.12604763527850313       0.67581985199143146       0.56964611637337248     
   2.3034090909090912       0.54966030057987403       0.13009606303926982       0.67975636361914382       0.57087491551310576     
   2.3295454545454546       0.54954998759967733       0.13232238588912729       0.68187237348880458       0.57211007040829165     
   2.3556818181818180       0.54944124003677719       0.13276284575929695       0.68220408579607428       0.57333135478072195     
   2.3818181818181818       0.54933401824128703       0.13147542407872423       0.68080944232001117       0.57451994029316822     
   2.4079545454545452       0.54922828472348062       0.12853831905257931       0.67776660377605991       0.57565856156717277     
   2.4340909090909091       0.54912400326253974       0.12404821649592968       0.67317221975846941       0.57673163358332302     
   2.4602272727272725       0.54902113956662235       0.11811838388210358       0.66713952344872607       0.57772535019867333     
   2.4863636363636363       0.54891966005237436       0.11087661848789265       0.65979627854026690       0.57862775429759272     
   2.5124999999999997       0.54881953176095211       0.10246308129850926       0.65128261305946133       0.57942877782447744     
   2.5386363636363636       0.54872072512725345        9.3028048679807435E-002  0.64174877380706097       0.58012027547214196     
   2.5647727272727274       0.54862320856436253        8.2729613744803976E-002  0.63135282230916656       0.58069599540521843     
   2.5909090909090908       0.54852695318722300        7.1731368852173863E-002  0.62025832203939690       0.58115156598633966     
   2.6170454545454547       0.54843193034299964        6.0200099797055692E-002  0.60863203014005529       0.58148444157824764     
   2.6431818181818181       0.54833811276931244        4.8303521014303380E-002  0.59664163378361590       0.58169383260736385     
   2.6693181818181819       0.54824547375094246        3.6208079540204392E-002  0.58445355329114679       0.58178061787486990     
   2.6954545454545453       0.54815398751855904        2.4076853602870187E-002  0.57223084112142930       0.58174724111403775     
   2.7215909090909092       0.54806362910172934        1.2067569568893268E-002  0.56013119867062255       0.58159759387733156     
   2.7477272727272726       0.54797437434556162        3.3075860166696647E-004  0.54830513294722860       0.58133688689284857     
   2.7738636363636360       0.54788619976960873       -1.0991928176321965E-002  0.53689427159328673       0.58097151205765574     
   2.7999999999999998       0.54779908236150343       -2.1769229938954849E-002  0.52602985242254863       0.58050889723656818     
   2.8261363636363637       0.54771300020798697       -3.1881598576088813E-002  0.51583140163189822       0.57995735601018306     
   2.8522727272727271       0.54762793187742231       -4.1222322918596975E-002  0.50640560895882536       0.57932593446703728     
   2.8784090909090909       0.54754385656674009       -4.9698447335407396E-002  0.49784540923133269       0.57862425706337839     
   2.9045454545454543       0.54746075407759787       -5.7231480185979497E-002  0.49022927389161836       0.57786237348211411     
   2.9306818181818182       0.54737860479364908       -6.3757890482807472E-002  0.48362071431084164       0.57705060831212351     
   2.9568181818181816       0.54729739008673717       -6.9229393908534623E-002  0.47806799617820261       0.57619941584642920     
   2.9829545454545454       0.54721709030435550       -7.3613032008072760E-002  0.47360405829628272       0.57531923762324022     
   3.0090909090909088       0.54713768835072774       -7.6891050907244879E-002  0.47024663744348288       0.57442037483111541     
   3.0352272727272727       0.54705916658113507       -7.9060588268472051E-002  0.46799857831266301       0.57351286111753874     
   3.0613636363636361       0.54698150796655576       -8.0133179356589826E-002  0.46684832860996589       0.57260634990644665     
   3.0874999999999995       0.54690469594784141       -8.0134095033132569E-002  0.46677060091470890       0.57171001130438193     
