4.2426474947	0.3399582841	4.2422631124	0.3399440212	56.3519693517	4.1856902497	0.3492658751	4.1841590336	0.3491282849	111.4663008932
4.2427659436	0.3399629906	4.2426474947	0.3399582841	56.3519693517	4.1868328917	0.3493707294	4.1856902497	0.3492658751	111.4663008932
4.2429794682	0.3399697326	4.2467063981	0.3400818193	56.3519693517	4.1886130178	0.3495262169	4.1910150171	0.3497405692	111.4663008932
4.2478507665	0.3401191932	4.2467063981	0.3400818193	56.3519693517	4.1868328917	0.3493707294	4.1886130178	0.3495262169	111.4663008932
4.2429794682	0.3399697326	4.2427659436	0.3399629906	56.3519693517	4.1799329073	0.3487345717	4.1775868676	0.3485160007	111.4663008932
4.2496741611	0.3401635836	4.2508843121	0.3401910239	56.3519693517	4.1817480688	0.3489072235	4.1799329073	0.3487345717	111.4663008932
4.2529355894	0.3402427288	4.2508843121	0.3401910239	56.3519693517	4.1827957038	0.3490021349	4.1841590336	0.3491282849	111.4663008932
4.2496741611	0.3401635836	4.2478507665	0.3401191932	56.3519693517	4.1817480688	0.3489072235	4.1827957038	0.3490021349	111.4663008932
4.255830872	0.340292654	4.2580204123	0.3403306148	56.3519693517	4.1714508473	0.3479190783	4.1712963292	0.3479037164	111.4663008932
4.255830872	0.340292654	4.2552221146	0.3402809757	56.3519693517	4.171578423	0.3479320161	4.1714508473	0.3479190783	111.4663008932
4.2529355894	0.3402427288	4.2552221146	0.3402809757	56.3519693517	4.1727771591	0.3480480611	4.1742683436	0.3481920964	111.4663008932
4.26151774	0.3403651487	4.2631052352	0.3403794488	56.3519693517	4.1766632459	0.3484281994	4.1742683436	0.3481920964	111.4663008932
4.26151774	0.3403651487	4.2597686646	0.3403457913	56.3519693517	4.1727771591	0.3480480611	4.171578423	0.3479320161	111.4663008932
4.2580204123	0.3403306148	4.2597686646	0.3403457913	56.3519693517	4.1770728147	0.3484666828	4.1775868676	0.3485160007	111.4663008932
4.2667682129	0.3403850953	4.2681900581	0.3403853333	56.3519693517	4.1766632459	0.3484281994	4.1770728147	0.3484666828	111.4663008932
4.2667682129	0.3403850953	4.2645720106	0.3403796851	56.3519693517	4.1659381387	0.3473583176	4.1652887137	0.3472914322	111.4663008932
4.2631052352	0.3403794488	4.2645720106	0.3403796851	56.3519693517	4.1664936001	0.3474166581	4.1659381387	0.3473583176	111.4663008932
4.2716357593	0.3403589321	4.273274881	0.340343782	56.3519693517	4.1687001453	0.3476380173	4.1712963292	0.3479037164	111.4663008932
4.2716357593	0.3403589321	4.2697230385	0.3403717131	56.3519693517	4.1664936001	0.3474166581	4.1687001453	0.3476380173	111.4663008932
4.2681900581	0.3403853333	4.2697230385	0.3403717131	56.3519693517	4.160515675	0.34678669	4.1595076507	0.3466791479	111.4663008932
4.2761643509	0.3402919541	4.2783597039	0.3402496055	56.3519693517	4.1614087772	0.3468838339	4.160515675	0.34678669	111.4663008932
4.2761643509	0.3402919541	4.2753605425	0.3403051625	56.3519693517	4.1632254374	0.3470726807	4.1652887137	0.3472914322	111.4663008932
4.273274881	0.340343782	4.2753605425	0.3403051625	56.3519693517	4.1614087772	0.3468838339	4.1632254374	0.3470726807	111.4663008932
4.2804076071	0.3401906176	4.2817541278	0.3401475691	56.3519693517	4.1551832249	0.3462042236	4.1539401929	0.3460668637	111.4663008932
4.2834445268	0.3400967677	4.2817541278	0.3401475691	56.3519693517	4.1563239543	0.3463327118	4.1551832249	0.3462042236	111.4663008932
4.2804076071	0.3401906176	4.2783597039	0.3402496055	56.3519693517	4.1578425908	0.3464962827	4.1595076507	0.3466791479	111.4663008932
4.2870449423	0.3399440212	4.2843977525	0.340058803	56.3519693517	4.1563239543	0.3463327118	4.1578425908	0.3464962827	111.4663008932
4.2843977525	0.340058803	4.2834445268	0.3400967677	56.3519693517	4.1499403749	0.345610968	4.1485739182	0.3454545794	111.4663008932
4.2313558678	0.3394811022	4.2282849145	0.339331737	56.3519693517	4.1512391314	0.3457624424	4.1499403749	0.345610968	111.4663008932
4.2325962978	0.3395448695	4.2313558678	0.3394811022	56.3519693517	4.1525512621	0.3459088647	4.1539401929	0.3460668637	111.4663008932
4.2353673569	0.3396654115	4.2376811207	0.3397686778	56.3519693517	4.1512391314	0.3457624424	4.1525512621	0.3459088647	111.4663008932
4.2353673569	0.3396654115	4.2350362417	0.3396502176	56.3519693517	4.1447865367	0.3450069942	4.1433969283	0.3448422952	111.4663008932
4.2325962978	0.3395448695	4.2350362417	0.3396502176	56.3519693517	4.1461543085	0.3451721589	4.1447865367	0.3450069942	111.4663008932
4.2388003558	0.3398092496	4.2422631124	0.3399440212	56.3519693517	4.147350924	0.3453104901	4.1485739182	0.3454545794	111.4663008932
4.2376811207	0.3397686778	4.2388003558	0.3398092496	56.3519693517	4.1461543085	0.3451721589	4.147350924	0.3453104901	111.4663008932
4.2881177019	0.339894453	4.2885293497	0.3398737988	56.3519693517	4.1397209539	0.3443923931	4.1383978446	0.3442300109	111.4663008932
4.2870449423	0.3399440212	4.2881177019	0.339894453	56.3519693517	4.1410694856	0.3445609766	4.1397209539	0.3443923931	111.4663008932
4.2915338952	0.3396935265	4.2936141726	0.3395605839	56.3519693517	4.1422408728	0.3447012437	4.1433969283	0.3448422952	111.4663008932
4.2915338952	0.3396935265	4.2897088359	0.3398019945	56.3519693517	4.1410694856	0.3445609766	4.1422408728	0.3447012437	111.4663008932
4.2885293497	0.3398737988	4.2897088359	0.3398019945	56.3519693517	4.134742711	0.3437672752	4.1335658009	0.3436177267	111.4663008932
4.2965500492	0.339331737	4.2947854496	0.3394727752	56.3519693517	4.1359846627	0.3439279928	4.134742711	0.3437672752	111.4663008932
4.2947854496	0.3394727752	4.2936141726	0.3395605839	56.3519693517	4.1372202367	0.3440812304	4.1383978446	0.3442300109	111.4663008932
4.2208659011	0.3389073891	4.2177430606	0.3387194527	56.3519693517	4.1359846627	0.3439279928	4.1372202367	0.3440812304	111.4663008932
4.222426652	0.3390058508	4.2208659011	0.3389073891	56.3519693517	4.129850741	0.3431317687	4.1288904347	0.3430054425	111.4663008932
4.2269040189	0.3392585907	4.2275114749	0.3392929692	56.3519693517	4.1308998398	0.3432722869	4.129850741	0.3431317687	111.4663008932
4.2269040189	0.3392585907	4.2242867667	0.339107753	56.3519693517	4.1322879843	0.3434505746	4.1335658009	0.3436177267	111.4663008932
4.222426652	0.3390058508	4.2242867667	0.339107753	56.3519693517	4.1308998398	0.3432722869	4.1322879843	0.3434505746	111.4663008932
4.2277414726	0.339304042	4.2282849145	0.339331737	56.3519693517	4.125043835	0.3424860194	4.124361876	0.3423931582	111.4663008932
4.2275114749	0.3392929692	4.2277414726	0.339304042	56.3519693517	4.1258150169	0.3425929199	4.125043835	0.3424860194	111.4663008932
4.2978039596	0.3392239621	4.2986989955	0.3391419025	56.3519693517	4.1274429338	0.3428094183	4.1288904347	0.3430054425	111.4663008932
4.2965500492	0.339331737	4.2978039596	0.3392239621	56.3519693517	4.1258150169	0.3425929199	4.1274429338	0.3428094183	111.4663008932
4.3026353928	0.3387194527	4.3005815253	0.3389461358	56.3519693517	4.1203206513	0.3418301887	4.119970735	0.341780874	111.4663008932
4.3005815253	0.3389461358	4.2986989955	0.3391419025	56.3519693517	4.120730194	0.3418889344	4.1203206513	0.3418301887	111.4663008932
4.2110225536	0.338255814	4.208950557	0.3381071685	56.3519693517	4.1226837624	0.3421579211	4.124361876	0.3423931582	111.4663008932
4.2122570062	0.3383481209	4.2110225536	0.338255814	56.3519693517	4.120730194	0.3418889344	4.1226837624	0.3421579211	111.4663008932
4.2168623434	0.3386617159	4.2173418291	0.3386945862	56.3519693517	4.1157106941	0.3411685897	4.1160628532	0.3412188604	111.4663008932
4.2168623434	0.3386617159	4.2142447316	0.3384801026	56.3519693517	4.1180090163	0.3414962578	4.119970735	0.341780874	111.4663008932
4.2122570062	0.3383481209	4.2142447316	0.3384801026	56.3519693517	4.1180090163	0.3414962578	4.1160628532	0.3412188604	111.4663008932
4.2174796354	0.3387028589	4.2177430606	0.3387194527	56.3519693517	4.1134198699	0.3408242871	4.111606676	0.3405563055	111.4663008932
4.2173418291	0.3386945862	4.2174796354	0.3387028589	56.3519693517	4.1156453711	0.3411590805	4.1134198699	0.3408242871	111.4663008932
4.3032113848	0.3386505237	4.3037838184	0.3385776945	56.3519693517	4.1156812811	0.3411642657	4.1157106941	0.3411685897	111.4663008932
4.3026353928	0.3387194527	4.3032113848	0.3386505237	56.3519693517	4.1156453711	0.3411590805	4.1156812811	0.3411642657	111.4663008932
4.3070311522	0.3381071685	4.3055828837	0.3383238013	56.3519693517	4.1089140532	0.3401422824	4.1076181937	0.3399440212	111.4663008932
4.3055828837	0.3383238013	4.3037838184	0.3385776945	56.3519693517	4.1105605482	0.3403986424	4.1089140532	0.3401422824	111.4663008932
4.2017063472	0.3375407636	4.2011557062	0.3374948842	56.3519693517	4.1111446151	0.3404859756	4.111606676	0.3405563055	111.4663008932
4.2020873604	0.337573714	4.2017063472	0.3375407636	56.3519693517	4.1105605482	0.3403986424	4.1111446151	0.3404859756	111.4663008932
4.203947185	0.3377188333	4.20477835	0.3377831355	56.3519693517	4.1044881468	0.3394506553	4.1037371857	0.339331737	111.4663008932
4.2071721833	0.3379758734	4.20477835	0.3377831355	56.3519693517	4.1054757253	0.3396097801	4.1044881468	0.3394506553	111.4663008932
4.203947185	0.3377188333	4.2020873604	0.337573714	56.3519693517	4.1066901294	0.3397977899	4.1076181937	0.3399440212	111.4663008932
4.2078548229	0.3380249691	4.208950557	0.3381071685	56.3519693517	4.1054757253	0.3396097801	4.1066901294	0.3397977899	111.4663008932
4.2071721833	0.3379758734	4.2078548229	0.3380249691	56.3519693517	4.1001402271	0.3387496376	4.0999560336	0.3387194527	111.4663008932
4.3078092921	0.3379796079	4.3088686413	0.3377949953	56.3519693517	4.1003909024	0.3387914291	4.1001402271	0.3387496376	111.4663008932
4.3070311522	0.3381071685	4.3078092921	0.3379796079	56.3519693517	4.1023158826	0.3390999423	4.1037371857	0.339331737	111.4663008932
4.310410664	0.3374948842	4.3098346248	0.3376112022	56.3519693517	4.1003909024	0.3387914291	4.1023158826	0.3390999423	111.4663008932
4.3098346248	0.3376112022	4.3088686413	0.3377949953	56.3519693517	4.0980212985	0.3383925021	4.0963059693	0.3381071685	111.4663008932
4.195798195	0.3370276198	4.1941725039	0.3368826	56.3519693517	4.0980212985	0.3383925021	4.0988732038	0.3385367005	111.4663008932
4.1970025375	0.3371390017	4.195798195	0.3370276198	56.3519693517	4.0999560336	0.3387194527	4.0988732038	0.3385367005	111.4663008932
4.1987450978	0.3372850555	4.2011557062	0.3374948842	56.3519693517	4.0938085629	0.3376752063	4.092761328	0.3374948842	111.4663008932
4.1970025375	0.3371390017	4.1987450978	0.3372850555	56.3519693517	4.0953060795	0.3379375488	4.0938085629	0.3376752063	111.4663008932
4.3121259638	0.3371026568	4.3130644952	0.3368826	56.3519693517	4.0958933531	0.3380364525	4.0963059693	0.3381071685	111.4663008932
4.3121259638	0.3371026568	4.3116474469	0.3372172073	56.3519693517	4.0953060795	0.3379375488	4.0958933531	0.3380364525	111.4663008932
4.310410664	0.3374948842	4.3116474469	0.3372172073	56.3519693517	4.089670147	0.3369489613	4.0892977658	0.3368826	111.4663008932
4.1900677707	0.336493075	4.1877313023	0.3362703158	56.3519693517	4.0902212566	0.3370488667	4.089670147	0.3369489613	111.4663008932
4.1919177146	0.336675741	4.1900677707	0.336493075	56.3519693517	4.0917343396	0.3373126877	4.092761328	0.3374948842	111.4663008932
4.1929015042	0.3367641379	4.1941725039	0.3368826	56.3519693517	4.0902212566	0.3370488667	4.0917343396	0.3373126877	111.4663008932
4.1919177146	0.336675741	4.1929015042	0.3367641379	56.3519693517	4.4460548465	0.3368951247	4.4460343742	0.3368826	111.4663008932
4.3133433795	0.3368091372	4.3139534642	0.3366371436	56.3519693517	4.4461588597	0.3369561305	4.4460548465	0.3368951247	111.4663008932
4.3130644952	0.3368826	4.3133433795	0.3368091372	56.3519693517	4.0859393936	0.3362703158	4.087532392	0.3365588229	111.4663008932
4.3151407607	0.3362703158	4.314819441	0.3363745915	56.3519693517	4.0876496074	0.3365799785	4.0892977658	0.3368826	111.4663008932
4.314819441	0.3363745915	4.3139534642	0.3366371436	56.3519693517	4.0876496074	0.3365799785	4.087532392	0.3365588229	111.4663008932
4.1845101131	0.3359377267	4.1817607753	0.3356580315	56.3519693517	4.4451412082	0.3363928553	4.4449260414	0.3362703158	111.4663008932
4.1868328917	0.3361822249	4.1845101131	0.3359377267	56.3519693517	4.4451412082	0.3363928553	4.4460004045	0.3368635198	111.4663008932
4.1872396602	0.3362213351	4.1877313023	0.3362703158	56.3519693517	4.4460343742	0.3368826	4.4460004045	0.3368635198	111.4663008932
4.1868328917	0.3361822249	4.1872396602	0.3362213351	56.3519693517	4.0836453052	0.3358375844	4.0826876098	0.3356580315	111.4663008932
4.3167673327	0.3356580315	4.3161008419	0.335916606	56.3519693517	4.0851364337	0.3361219908	4.0836453052	0.3358375844	111.4663008932
4.3157042875	0.336059492	4.3151407607	0.3362703158	56.3519693517	4.0856245486	0.3362115398	4.0859393936	0.3362703158	111.4663008932
4.3157042875	0.336059492	4.3161008419	0.335916606	56.3519693517	4.0851364337	0.3361219908	4.0856245486	0.3362115398	111.4663008932
4.1764557387	0.335070734	4.1762367528	0.3350457473	56.3519693517	4.4442032838	0.3358935104	4.4437625948	0.3356580315	111.4663008932
4.1766632459	0.3350951698	4.1764557387	0.335070734	56.3519693517	4.4442032838	0.3358935104	4.4445610827	0.3360779209	111.4663008932
4.1815891339	0.3356388935	4.1817480688	0.3356567021	56.3519693517	4.4449260414	0.3362703158	4.4445610827	0.3360779209	111.4663008932
4.1815891339	0.3356388935	4.1791212933	0.335362048	56.3519693517	4.0797110273	0.3350867583	4.0794996804	0.3350457473	111.4663008932
4.1766632459	0.3350951698	4.1791212933	0.335362048	56.3519693517	4.0800516108	0.3351539822	4.0797110273	0.3350867583	111.4663008932
4.1817540271	0.335657314	4.1817607753	0.3356580315	56.3519693517	4.0816756796	0.3354624708	4.0826876098	0.3356580315	111.4663008932
4.1817480688	0.3356567021	4.1817540271	0.335657314	56.3519693517	4.0800516108	0.3351539822	4.0816756796	0.3354624708	111.4663008932
4.3177168944	0.3352048615	4.3180535531	0.3350457473	56.3519693517	4.4425473934	0.3350457473	4.4430091219	0.3352787588	111.4663008932
4.3177168944	0.3352048615	4.3172413365	0.3354416534	56.3519693517	4.4432391186	0.3353973252	4.4437625948	0.3356580315	111.4663008932
4.3167673327	0.3356580315	4.3172413365	0.3354416534	56.3519693517	4.4432391186	0.3353973252	4.4430091219	0.3352787588	111.4663008932
4.1713093164	0.3344658672	4.1710415406	0.334433463	56.3519693517	4.0777986257	0.3347047541	4.0764246049	0.334433463	111.4663008932
4.171578423	0.3344994528	4.1713093164	0.3344658672	56.3519693517	4.0777986257	0.3347047541	4.0786648281	0.3348787591	111.4663008932
4.1738951427	0.3347667816	4.1762367528	0.3350457473	56.3519693517	4.0794996804	0.3350457473	4.0786648281	0.3348787591	111.4663008932
4.171578423	0.3344994528	4.1738951427	0.3347667816	56.3519693517	4.4412835574	0.334433463	4.4413538631	0.334467158	111.4663008932
4.3190382871	0.334433463	4.3182248394	0.3349477967	56.3519693517	4.4422484827	0.3349043274	4.4425473934	0.3350457473	111.4663008932
4.3180535531	0.3350457473	4.3182248394	0.3349477967	56.3519693517	4.4422484827	0.3349043274	4.4413538631	0.334467158	111.4663008932
4.1663089327	0.3338434153	4.1661354704	0.3338211788	56.3519693517	4.0739962698	0.3339380428	4.0734245128	0.3338211788	111.4663008932
4.1664936001	0.3338678145	4.1663089327	0.3338434153	56.3519693517	4.0749667879	0.3341398378	4.0739962698	0.3339380428	111.4663008932
4.168822391	0.3341530438	4.1710415406	0.334433463	56.3519693517	4.0758828603	0.334323155	4.0764246049	0.334433463	111.4663008932
4.1664936001	0.3338678145	4.168822391	0.3341530438	56.3519693517	4.0749667879	0.3341398378	4.0758828603	0.334323155	111.4663008932
4.3197152768	0.3338211788	4.319643611	0.3338940683	56.3519693517	4.4401819618	0.3339285971	4.4399542927	0.3338211788	111.4663008932
4.3190382871	0.334433463	4.319643611	0.3338940683	56.3519693517	4.4410740368	0.3343365367	4.4401819618	0.3339285971	111.4663008932
4.1614906648	0.3332088945	4.1625195831	0.3333426512	56.3519693517	4.4412394507	0.3344135448	4.4412835574	0.334433463	111.4663008932
4.1638972365	0.3335215332	4.1661354704	0.3338211788	56.3519693517	4.4410740368	0.3343365367	4.4412394507	0.3344135448	111.4663008932
4.1638972365	0.3335215332	4.1625195831	0.3333426512	56.3519693517	4.0704955709	0.3332088945	4.0713377862	0.3333841959	111.4663008932
4.3201679563	0.3332088945	4.3200856208	0.3333350082	56.3519693517	4.0721365592	0.3335496939	4.0734245128	0.3338211788	111.4663008932
4.3197748745	0.3337324833	4.3197152768	0.3338211788	56.3519693517	4.0721365592	0.3335496939	4.0713377862	0.3333841959	111.4663008932
4.3197748745	0.3337324833	4.3200856208	0.3333350082	56.3519693517	4.439104329	0.3334460751	4.4385781806	0.3332088945	111.4663008932
4.1591174782	0.3328725149	4.1571148696	0.3325966103	56.3519693517	4.439104329	0.3334460751	4.439539058	0.3336363457	111.4663008932
4.1614087772	0.3331979464	4.1591174782	0.3328725149	56.3519693517	4.4399542927	0.3338211788	4.439539058	0.3336363457	111.4663008932
4.1614521988	0.333203666	4.1614906648	0.3332088945	56.3519693517	4.0684630338	0.3327674696	4.0676702226	0.3325966103	111.4663008932
4.1614087772	0.3331979464	4.1614521988	0.333203666	56.3519693517	4.069881965	0.3330785803	4.0684630338	0.3327674696	111.4663008932
4.3204184501	0.3325966103	4.3203632418	0.3327561535	56.3519693517	4.0702751262	0.3331615524	4.0704955709	0.3332088945	111.4663008932
4.3202185163	0.3330667783	4.3201679563	0.3332088945	56.3519693517	4.069881965	0.3330785803	4.0702751262	0.3331615524	111.4663008932
4.3202185163	0.3330667783	4.3203632418	0.3327561535	56.3519693517	4.4371615927	0.3325966103	4.4376140853	0.3327922677	111.4663008932
4.1544759599	0.3322068506	4.1529502045	0.331984326	56.3519693517	4.4380087833	0.3329657099	4.4385781806	0.3332088945	111.4663008932
4.1563239543	0.332484542	4.1544759599	0.3322068506	56.3519693517	4.4380087833	0.3329657099	4.4376140853	0.3327922677	111.4663008932
4.1567547885	0.3325447318	4.1571148696	0.3325966103	56.3519693517	4.0648867438	0.331984326	4.0649954694	0.3320082074	111.4663008932
4.1563239543	0.332484542	4.1567547885	0.3325447318	56.3519693517	4.0666609377	0.332372183	4.0676702226	0.3325966103	111.4663008932
4.3204861394	0.331984326	4.3204756648	0.3321574065	56.3519693517	4.0666609377	0.332372183	4.0649954694	0.3320082074	111.4663008932
4.3204288579	0.332429166	4.3204184501	0.3325966103	56.3519693517	4.4357651462	0.3320113069	4.4357019181	0.331984326	111.4663008932
4.3204288579	0.332429166	4.3204756648	0.3321574065	56.3519693517	4.4359892139	0.3321043101	4.4357651462	0.3320113069	111.4663008932
4.1499655292	0.3315254014	4.1489711283	0.3313720418	56.3519693517	4.4368960409	0.3324874155	4.4371615927	0.3325966103	111.4663008932
4.1512391314	0.3317276686	4.1499655292	0.3315254014	56.3519693517	4.4359892139	0.3321043101	4.4368960409	0.3324874155	111.4663008932
4.1521953494	0.3318691839	4.1529502045	0.331984326	56.3519693517	4.0631140791	0.3315747063	4.0622230931	0.3313720418	111.4663008932
4.1512391314	0.3317276686	4.1521953494	0.3318691839	56.3519693517	4.0647971421	0.3319642405	4.0631140791	0.3315747063	111.4663008932
4.320388073	0.3313720418	4.3204223452	0.3315387019	56.3519693517	4.0648556652	0.331977279	4.0648867438	0.331984326	111.4663008932
4.3204502632	0.3318143042	4.3204861394	0.331984326	56.3519693517	4.0647971421	0.3319642405	4.0648556652	0.331977279	111.4663008932
4.3204502632	0.3318143042	4.3204223452	0.3315387019	56.3519693517	4.4345941065	0.3315400323	4.4341854847	0.3313720418	111.4663008932
4.1455798695	0.3308289281	4.1451552836	0.3307597575	56.3519693517	4.4345941065	0.3315400323	4.4355808566	0.3319351541	111.4663008932
4.1461543085	0.3309252516	4.1455798695	0.3308289281	56.3519693517	4.4357019181	0.331984326	4.4355808566	0.3319351541	111.4663008932
4.1477671979	0.3311778272	4.1489711283	0.3313720418	56.3519693517	4.0596304968	0.3307696101	4.0595886594	0.3307597575	111.4663008932
4.1461543085	0.3309252516	4.1477671979	0.3311778272	56.3519693517	4.0597123192	0.3307892139	4.0596304968	0.3307696101	111.4663008932
4.3201393061	0.3307597575	4.320203001	0.3309000055	56.3519693517	4.0613720063	0.3311721921	4.0622230931	0.3313720418	111.4663008932
4.3203164148	0.3312181372	4.320388073	0.3313720418	56.3519693517	4.0597123192	0.3307892139	4.0613720063	0.3311721921	111.4663008932
4.3203164148	0.3312181372	4.320203001	0.3309000055	56.3519693517	4.4326354629	0.3307597575	4.4333884368	0.3310588716	111.4663008932
4.1415117426	0.3301474733	4.1426723996	0.3303404867	56.3519693517	4.4334153057	0.3310696923	4.4341854847	0.3313720418	111.4663008932
4.1434636838	0.3304714624	4.1451552836	0.3307597575	56.3519693517	4.4334153057	0.3310696923	4.4333884368	0.3310588716	111.4663008932
4.1434636838	0.3304714624	4.1426723996	0.3303404867	56.3519693517	4.0579513706	0.3303595163	4.0570690305	0.3301474733	111.4663008932
4.3197531822	0.3301474733	4.3198176099	0.3302413147	56.3519693517	4.0579513706	0.3303595163	4.0594673071	0.3307302546	111.4663008932
4.3200533475	0.33063753	4.3201393061	0.3307597575	56.3519693517	4.0595886594	0.3307597575	4.0594673071	0.3307302546	111.4663008932
4.3200533475	0.33063753	4.3198176099	0.3302413147	56.3519693517	4.4310538121	0.3301474733	4.4311218544	0.330173659	111.4663008932
4.1392887742	0.3297496118	4.1380684909	0.3295351891	56.3519693517	4.4322192594	0.3306014289	4.4326354629	0.3307597575	111.4663008932
4.1410694856	0.3300717768	4.1392887742	0.3297496118	56.3519693517	4.4322192594	0.3306014289	4.4311218544	0.330173659	111.4663008932
4.1413309874	0.3301159848	4.1415117426	0.3301474733	56.3519693517	4.0545917856	0.3295394891	4.0545745054	0.3295351891	111.4663008932
4.1410694856	0.3300717768	4.1413309874	0.3301159848	56.3519693517	4.0546274963	0.3295485312	4.0545917856	0.3295394891	111.4663008932
4.319241568	0.3295351891	4.3192664051	0.3295626577	56.3519693517	4.0562715271	0.3299495088	4.0570690305	0.3301474733	111.4663008932
4.3196815025	0.3300700211	4.3197531822	0.3301474733	56.3519693517	4.0546274963	0.3295485312	4.0562715271	0.3299495088	111.4663008932
4.3196815025	0.3300700211	4.3192664051	0.3295626577	56.3519693517	4.4297745037	0.3296712434	4.4294171453	0.3295351891	111.4663008932
4.1352284562	0.3290139627	4.1347375228	0.3289229048	56.3519693517	4.430904391	0.3300912809	4.4297745037	0.3296712434	111.4663008932
4.1359846627	0.3291583158	4.1352284562	0.3290139627	56.3519693517	4.4310170854	0.3301339033	4.4310538121	0.3301474733	111.4663008932
4.1372444735	0.3293834901	4.1380684909	0.3295351891	56.3519693517	4.430904391	0.3300912809	4.4310170854	0.3301339033	111.4663008932
4.1359846627	0.3291583158	4.1372444735	0.3293834901	56.3519693517	4.0529760615	0.3291217608	4.0521936762	0.3289229048	111.4663008932
4.318641655	0.3289706649	4.3185955426	0.3289229048	56.3519693517	4.0529760615	0.3291217608	4.0545278028	0.3295231846	111.4663008932
4.3190382871	0.329339535	4.318641655	0.3289706649	56.3519693517	4.0545745054	0.3295351891	4.0545278028	0.3295231846	111.4663008932
4.3192171543	0.3295136509	4.319241568	0.3295351891	56.3519693517	4.4285247053	0.3292094524	4.4277501124	0.3289229048	111.4663008932
4.3190382871	0.329339535	4.3192171543	0.3295136509	56.3519693517	4.4285247053	0.3292094524	4.4286872065	0.3292682088	111.4663008932
4.1315447212	0.3283106206	4.1326605254	0.3285226319	56.3519693517	4.4294171453	0.3295351891	4.4286872065	0.3292682088	111.4663008932
4.1332694148	0.3286375746	4.1347375228	0.3289229048	56.3519693517	4.0498376746	0.3283106206	4.0500926198	0.3283768419	111.4663008932
4.1332694148	0.3286375746	4.1326605254	0.3285226319	56.3519693517	4.0513604353	0.3287040207	4.0521936762	0.3289229048	111.4663008932
4.3179803332	0.3284380131	4.317831199	0.3283106206	56.3519693517	4.0513604353	0.3287040207	4.0500926198	0.3283768419	111.4663008932
4.3179803332	0.3284380131	4.318520922	0.3288606068	56.3519693517	4.426056941	0.3283106206	4.426176153	0.3283535584	111.4663008932
4.3185955426	0.3289229048	4.318520922	0.3288606068	56.3519693517	4.4272623687	0.3287491713	4.4277501124	0.3289229048	111.4663008932
4.1294132211	0.3278773461	4.1285208783	0.3276983363	56.3519693517	4.4272623687	0.3287491713	4.426176153	0.3283535584	111.4663008932
4.1308998398	0.3281843995	4.1294132211	0.3278773461	56.3519693517	4.0481884849	0.3278613997	4.0475825132	0.3276983363	111.4663008932
4.1313019131	0.3282622053	4.1315447212	0.3283106206	56.3519693517	4.0495426734	0.3282323568	4.0481884849	0.3278613997	111.4663008932
4.1308998398	0.3281843995	4.1313019131	0.3282622053	56.3519693517	4.0497463657	0.3282860931	4.0498376746	0.3283106206	111.4663008932
4.3172592751	0.3279125544	4.3169672632	0.3276983363	56.3519693517	4.0495426734	0.3282323568	4.0497463657	0.3282860931	111.4663008932
4.3172592751	0.3279125544	4.317587765	0.3281359573	56.3519693517	4.4246938164	0.3278338927	4.4243138088	0.3276983363	111.4663008932
4.317831199	0.3283106206	4.317587765	0.3281359573	56.3519693517	4.425819568	0.3282268035	4.4246938164	0.3278338927	111.4663008932
4.1256579498	0.3271049652	4.1255685631	0.3270860521	56.3519693517	4.425995858	0.3282893928	4.426056941	0.3283106206	111.4663008932
4.1258150169	0.3271391697	4.1256579498	0.3271049652	56.3519693517	4.425819568	0.3282268035	4.425995858	0.3282893928	111.4663008932
4.1275364136	0.3274910559	4.1285208783	0.3276983363	56.3519693517	4.0453645935	0.3270860521	4.0460696757	0.3272801385	111.4663008932
4.1258150169	0.3271391697	4.1275364136	0.3274910559	56.3519693517	4.0466388333	0.3274357153	4.0475825132	0.3276983363	111.4663008932
4.3160118949	0.3270860521	4.3164819837	0.3273905214	56.3519693517	4.0466388333	0.3274357153	4.0460696757	0.3272801385	111.4663008932
4.3164861652	0.3273933635	4.3169672632	0.3276983363	56.3519693517	4.4233856447	0.3273791307	4.4225437747	0.3270860521	111.4663008932
4.3164861652	0.3273933635	4.3164819837	0.3273905214	56.3519693517	4.4233856447	0.3273791307	4.4235041446	0.3274195267	111.4663008932
4.1238756946	0.3267072895	4.1228021903	0.3264737678	56.3519693517	4.4243138088	0.3276983363	4.4235041446	0.3274195267	111.4663008932
4.1238756946	0.3267072895	4.1252767454	0.3270212366	56.3519693517	4.0435881549	0.3265784914	4.0432209653	0.3264737678	111.4663008932
4.1255685631	0.3270860521	4.1252767454	0.3270212366	56.3519693517	4.0444578505	0.3268310402	4.0435881549	0.3265784914	111.4663008932
4.3149724263	0.3264737678	4.315237421	0.3266283743	56.3519693517	4.0450951854	0.327009308	4.0453645935	0.3270860521	111.4663008932
4.3156536123	0.3268813303	4.3160118949	0.3270860521	56.3519693517	4.0444578505	0.3268310402	4.0450951854	0.327009308	111.4663008932
4.3156536123	0.3268813303	4.315237421	0.3266283743	56.3519693517	4.4207522828	0.3264737678	4.420761887	0.3264770361	111.4663008932
4.1203165457	0.3259112926	4.1200994875	0.3258614836	56.3519693517	4.4220672111	0.3269256044	4.4225437747	0.3270860521	111.4663008932
4.120730194	0.3260090371	4.1203165457	0.3259112926	56.3519693517	4.4220672111	0.3269256044	4.420761887	0.3264770361	111.4663008932
4.1220875936	0.3263103178	4.1228021903	0.3264737678	56.3519693517	4.0421074331	0.3261445069	4.0411383024	0.3258614836	111.4663008932
4.120730194	0.3260090371	4.1220875936	0.3263103178	56.3519693517	4.0421074331	0.3261445069	4.0423686193	0.326222195	111.4663008932
4.3138692737	0.3258716213	4.3138512142	0.3258614836	56.3519693517	4.0432209653	0.3264737678	4.0423686193	0.326222195	111.4663008932
4.3139534642	0.3259162042	4.3138692737	0.3258716213	56.3519693517	4.419390104	0.3260233973	4.4189100751	0.3258614836	111.4663008932
4.314781704	0.3263740361	4.3149724263	0.3264737678	56.3519693517	4.4207347451	0.326467902	4.419390104	0.3260233973	111.4663008932
4.3139534642	0.3259162042	4.314781704	0.3263740361	56.3519693517	4.4207475906	0.326472221	4.4207522828	0.3264737678	111.4663008932
4.1186225945	0.325502984	4.1175496317	0.3252491993	56.3519693517	4.4207347451	0.326467902	4.4207475906	0.326472221	111.4663008932
4.1186225945	0.325502984	4.1194713785	0.3257099045	56.3519693517	4.0391737763	0.325273192	4.0390944897	0.3252491993	111.4663008932
4.1200994875	0.3258614836	4.1194713785	0.3257099045	56.3519693517	4.0393730276	0.3253345959	4.0391737763	0.325273192	111.4663008932
4.3128666169	0.325380071	4.312612466	0.3252491993	56.3519693517	4.0406356054	0.3257094514	4.0411383024	0.3258614836	111.4663008932
4.3128666169	0.325380071	4.3138191538	0.3258453107	56.3519693517	4.0393730276	0.3253345959	4.0406356054	0.3257094514	111.4663008932
4.3138512142	0.3258614836	4.3138191538	0.3258453107	56.3519693517	4.4170490262	0.3252491993	4.4178515988	0.3255143122	111.4663008932
4.1152549151	0.3246839315	4.1150665029	0.3246369151	56.3519693517	4.4180324279	0.3255745964	4.4189100751	0.3258614836	111.4663008932
4.1156453711	0.3247843233	4.1152549151	0.3246839315	56.3519693517	4.4180324279	0.3255745964	4.4178515988	0.3255143122	111.4663008932
4.1169292559	0.3250946015	4.1175496317	0.3252491993	56.3519693517	4.0377673001	0.3248302673	4.0371439479	0.3246369151	111.4663008932
4.1156453711	0.3247843233	4.1169292559	0.3250946015	56.3519693517	4.0377673001	0.3248302673	4.0389206856	0.325194731	111.4663008932
4.3118398216	0.3248914274	4.3113070757	0.3246369151	56.3519693517	4.0390944897	0.3252491993	4.0389206856	0.325194731	111.4663008932
4.3118398216	0.3248914274	4.3121482926	0.3250318313	56.3519693517	4.4152933932	0.3246798462	4.4151623063	0.3246369151	111.4663008932
4.312612466	0.3252491993	4.3121482926	0.3250318313	56.3519693517	4.4156499222	0.3247943711	4.4152933932	0.3246798462	111.4663008932
4.1136585291	0.3242638746	4.1127309277	0.3240246308	56.3519693517	4.4166670277	0.3251267255	4.4170490262	0.3252491993	111.4663008932
4.1136585291	0.3242638746	4.1145775065	0.3245083292	56.3519693517	4.4156499222	0.3247943711	4.4166670277	0.3251267255	111.4663008932
4.1150665029	0.3246369151	4.1145775065	0.3245083292	56.3519693517	4.0352228202	0.3240246308	4.0357918989	0.3242056968	111.4663008932
4.3099401606	0.3240246308	4.3103348998	0.324201189	56.3519693517	4.0363657475	0.3243867497	4.0371439479	0.3246369151	111.4663008932
4.3107819086	0.3244065308	4.3113070757	0.3246369151	56.3519693517	4.0363657475	0.3243867497	4.0357918989	0.3242056968	111.4663008932
4.3107819086	0.3244065308	4.3103348998	0.324201189	56.3519693517	4.413893678	0.3242361074	4.4132354284	0.3240246308	111.4663008932
4.1104760717	0.3234225188	4.1104386921	0.3234123466	56.3519693517	4.413893678	0.3242361074	4.4148651077	0.3245424124	111.4663008932
4.1105605482	0.3234462216	4.1104760717	0.3234225188	56.3519693517	4.4151623063	0.3246369151	4.4148651077	0.3245424124	111.4663008932
4.1120655072	0.3238434126	4.1127309277	0.3240246308	56.3519693517	4.0336132449	0.3234936212	4.0333668344	0.3234123466	111.4663008932
4.1105605482	0.3234462216	4.1120655072	0.3238434126	56.3519693517	4.0342882047	0.3237204765	4.0336132449	0.3234936212	111.4663008932
4.3085813789	0.323446937	4.308501546	0.3234123466	56.3519693517	4.034972961	0.3239421765	4.0352228202	0.3240246308	111.4663008932
4.3088686413	0.3235659993	4.3085813789	0.323446937	56.3519693517	4.0342882047	0.3237204765	4.034972961	0.3239421765	111.4663008932
4.3096987368	0.3239246757	4.3099401606	0.3240246308	56.3519693517	4.4112936457	0.3234123466	4.4117432628	0.323554214	111.4663008932
4.3088686413	0.3235659993	4.3096987368	0.3239246757	56.3519693517	4.4124924405	0.3237925518	4.4132354284	0.3240246308	111.4663008932
4.1089859104	0.3229896709	4.1083137657	0.3228000623	56.3519693517	4.4124924405	0.3237925518	4.4117432628	0.323554214	111.4663008932
4.1089859104	0.3229896709	4.1103508239	0.3233870928	56.3519693517	4.0322868969	0.323041048	4.0315754304	0.3228000623	111.4663008932
4.1104386921	0.3234123466	4.1103508239	0.3233870928	56.3519693517	4.0322868969	0.323041048	4.0328663994	0.3232411412	111.4663008932
4.3073973714	0.322977224	4.3069646254	0.3228000623	56.3519693517	4.0333668344	0.3234123466	4.0328663994	0.3232411412	111.4663008932
4.3073973714	0.322977224	4.3083443501	0.3233492145	56.3519693517	4.409663693	0.3229086044	4.4093168964	0.3228000623	111.4663008932
4.308501546	0.3234123466	4.3083443501	0.3233492145	56.3519693517	4.4105650993	0.3231856828	4.409663693	0.3229086044	111.4663008932
4.1062298984	0.3221877781	4.106755993	0.3223419404	56.3519693517	4.4110884757	0.3233493247	4.4112936457	0.3234123466	111.4663008932
4.1074981806	0.3225565303	4.1083137657	0.3228000623	56.3519693517	4.4105650993	0.3231856828	4.4110884757	0.3233493247	111.4663008932
4.1074981806	0.3225565303	4.106755993	0.3223419404	56.3519693517	4.0298149032	0.3221877781	4.0301382807	0.3223003531	111.4663008932
4.3053793953	0.3221877781	4.3060943706	0.3224660011	56.3519693517	4.0309703225	0.3225872978	4.0315754304	0.3228000623	111.4663008932
4.3062022052	0.3225088545	4.3069646254	0.3228000623	56.3519693517	4.0309703225	0.3225872978	4.0301382807	0.3223003531	111.4663008932
4.3062022052	0.3225088545	4.3060943706	0.3224660011	56.3519693517	4.408228892	0.3224690904	4.4073149988	0.3221877781	111.4663008932
4.1046049081	0.3216803525	4.1042661558	0.3215754939	56.3519693517	4.408228892	0.3224690904	4.4085016508	0.3225515941	111.4663008932
4.1054757253	0.3219588329	4.1046049081	0.3216803525	56.3519693517	4.4093168964	0.3228000623	4.4085016508	0.3225515941	111.4663008932
4.1060193707	0.3221223155	4.1062298984	0.3221877781	56.3519693517	4.0283962152	0.3216726881	4.0281270066	0.3215754939	111.4663008932
4.1054757253	0.3219588329	4.1060193707	0.3221223155	56.3519693517	4.0292033818	0.3219698465	4.0283962152	0.3216726881	111.4663008932
4.3037566549	0.3215787647	4.3037479982	0.3215754939	56.3519693517	4.0296621657	0.3221325341	4.0298149032	0.3221877781	111.4663008932
4.3037838184	0.3215886405	4.3037566549	0.3215787647	56.3519693517	4.0292033818	0.3219698465	4.0296621657	0.3221325341	111.4663008932
4.3049836626	0.3220433	4.3053793953	0.3221877781	56.3519693517	4.4053497179	0.3215912149	4.4052982339	0.3215754939	111.4663008932
4.3037838184	0.3215886405	4.3049836626	0.3220433	56.3519693517	4.4054802764	0.3216303927	4.4053497179	0.3215912149	111.4663008932
4.1032307038	0.3212335418	4.1023928744	0.3209632096	56.3519693517	4.4067896207	0.3220301146	4.4073149988	0.3221877781	111.4663008932
4.1032307038	0.3212335418	4.1035663816	0.321345582	56.3519693517	4.4054802764	0.3216303927	4.4067896207	0.3220301146	111.4663008932
4.1042661558	0.3215754939	4.1035663816	0.321345582	56.3519693517	4.0271565927	0.3212096718	4.0264932117	0.3209632096	111.4663008932
4.3024518794	0.3211235938	4.3020081364	0.3209632096	56.3519693517	4.0271565927	0.3212096718	4.0276181674	0.3213846117	111.4663008932
4.3024518794	0.3211235938	4.3037295979	0.3215689649	56.3519693517	4.0281270066	0.3215754939	4.0276181674	0.3213846117	111.4663008932
4.3037479982	0.3215754939	4.3037295979	0.3215689649	56.3519693517	4.4038799315	0.3211559137	4.403239066	0.3209632096	111.4663008932
4.1005672037	0.3203509254	4.1006651243	0.3203839455	56.3519693517	4.4038799315	0.3211559137	4.4051746398	0.3215386909	111.4663008932
4.1018731581	0.3207847252	4.1023928744	0.3209632096	56.3519693517	4.4052982339	0.3215754939	4.4051746398	0.3215386909	111.4663008932
4.1018731581	0.3207847252	4.1006651243	0.3203839455	56.3519693517	4.0248915652	0.3203509254	4.0252464841	0.3204867434	111.4663008932
4.3002309691	0.3203509254	4.3010444133	0.3206333467	56.3519693517	4.0259290061	0.3207452063	4.0264932117	0.3209632096	111.4663008932
4.3011445913	0.3206687255	4.3020081364	0.3209632096	56.3519693517	4.0259290061	0.3207452063	4.0252464841	0.3204867434	111.4663008932
4.3011445913	0.3206687255	4.3010444133	0.3206333467	56.3519693517	4.4011701882	0.3203509254	4.4017003989	0.3205080591	111.4663008932
4.0992669627	0.3198739793	4.0988874857	0.3197386411	56.3519693517	4.4024118891	0.3207204024	4.403239066	0.3209632096	111.4663008932
4.1003909024	0.3202891356	4.0992669627	0.3198739793	56.3519693517	4.4024118891	0.3207204024	4.4017003989	0.3205080591	111.4663008932
4.1005230179	0.3203350168	4.1005672037	0.3203509254	56.3519693517	4.0235303608	0.3198094684	4.0233519718	0.3197386411	111.4663008932
4.1003909024	0.3202891356	4.1005230179	0.3203350168	56.3519693517	4.0241185589	0.3200477968	4.0235303608	0.3198094684	111.4663008932
4.2984841843	0.3197645074	4.298407569	0.3197386411	56.3519693517	4.024712148	0.3202794489	4.0248915652	0.3203509254	111.4663008932
4.2986989955	0.319834593	4.2984841843	0.3197645074	56.3519693517	4.0241185589	0.3200477968	4.024712148	0.3202794489	111.4663008932
4.2998204347	0.3202158883	4.3002309691	0.3203509254	56.3519693517	4.3994549135	0.3198518954	4.3990697956	0.3197386411	111.4663008932
4.2986989955	0.319834593	4.2998204347	0.3202158883	56.3519693517	4.4003954535	0.3201239891	4.3994549135	0.3198518954	111.4663008932
4.0980296516	0.3194106847	4.0972700001	0.3191263569	56.3519693517	4.4009426605	0.3202850339	4.4011701882	0.3203509254	111.4663008932
4.0980296516	0.3194106847	4.0981925298	0.3194739261	56.3519693517	4.4003954535	0.3201239891	4.4009426605	0.3202850339	111.4663008932
4.0988874857	0.3197386411	4.0981925298	0.3194739261	56.3519693517	4.0223836535	0.3193352639	4.021873524	0.3191263569	111.4663008932
4.2970851053	0.319320692	4.2964886476	0.3191263569	56.3519693517	4.0223836535	0.3193352639	4.0230368761	0.3196083913	111.4663008932
4.2970851053	0.319320692	4.2982318085	0.3196823852	56.3519693517	4.0233519718	0.3197386411	4.0230368761	0.3196083913	111.4663008932
4.298407569	0.3197386411	4.2982318085	0.3196823852	56.3519693517	4.3979591981	0.3194197163	4.3969481221	0.3191263569	111.4663008932
4.0957062206	0.3185140726	4.0958822446	0.318583451	56.3519693517	4.3979591981	0.3194197163	4.3981140033	0.3194639224	111.4663008932
4.0968166056	0.3189444683	4.0972700001	0.3191263569	56.3519693517	4.3990697956	0.3197386411	4.3981140033	0.3194639224	111.4663008932
4.0968166056	0.3189444683	4.0958822446	0.318583451	56.3519693517	4.0204282997	0.3185140726	4.0209835544	0.3187488582	111.4663008932
4.2945416355	0.3185140726	4.2951144019	0.3186947213	56.3519693517	4.0212486479	0.3188596503	4.021873524	0.3191263569	111.4663008932
4.2956844459	0.3188770668	4.2964886476	0.3191263569	56.3519693517	4.0212486479	0.3188596503	4.0209835544	0.3187488582	111.4663008932
4.2956844459	0.3188770668	4.2951144019	0.3186947213	56.3519693517	4.3949580865	0.3185565239	4.3948106347	0.3185140726	111.4663008932
4.0944981376	0.317999076	4.0942650488	0.3179017884	56.3519693517	4.3953106306	0.31865642	4.3949580865	0.3185565239	111.4663008932
4.0953060795	0.3183494737	4.0944981376	0.317999076	56.3519693517	4.3964603726	0.3189879118	4.3969481221	0.3191263569	111.4663008932
4.095617741	0.3184765442	4.0957062206	0.3185140726	56.3519693517	4.3953106306	0.31865642	4.3964603726	0.3189879118	111.4663008932
4.0953060795	0.3183494737	4.095617741	0.3184765442	56.3519693517	4.0190208987	0.3179033342	4.0190173767	0.3179017884	111.4663008932
4.2928319031	0.3179959846	4.2925250492	0.3179017884	56.3519693517	4.019033736	0.3179090894	4.0190208987	0.3179033342	111.4663008932
4.2936141726	0.3182288279	4.2928319031	0.3179959846	56.3519693517	4.0201293003	0.3183821513	4.0204282997	0.3185140726	111.4663008932
4.2942766368	0.3184343026	4.2945416355	0.3185140726	56.3519693517	4.019033736	0.3179090894	4.0201293003	0.3183821513	111.4663008932
4.2936141726	0.3182288279	4.2942766368	0.3184343026	56.3519693517	4.3934333538	0.3181278389	4.3926383102	0.3179017884	111.4663008932
4.0934191359	0.3175167187	4.0929048421	0.3172895041	56.3519693517	4.3934333538	0.3181278389	4.3944373433	0.3184089165	111.4663008932
4.0934191359	0.3175167187	4.0938839644	0.3177305457	56.3519693517	4.3948106347	0.3185140726	4.3944373433	0.3184089165	111.4663008932
4.0942650488	0.3179017884	4.0938839644	0.3177305457	56.3519693517	4.0179727969	0.3174172561	4.0176913326	0.3172895041	111.4663008932
4.2913580838	0.317561169	4.2904470994	0.3172895041	56.3519693517	4.0179727969	0.3174172561	4.0190115416	0.3178991159	111.4663008932
4.2913580838	0.317561169	4.2917657385	0.3176792109	56.3519693517	4.0190173767	0.3179017884	4.0190115416	0.3178991159	111.4663008932
4.2925250492	0.3179017884	4.2917657385	0.3176792109	56.3519693517	4.3904604279	0.3172895041	4.3906363717	0.3173389418	111.4663008932
4.0916038778	0.3166772199	4.0920804453	0.3169010924	56.3519693517	4.3919099749	0.3176989909	4.3926383102	0.3179017884	111.4663008932
4.0923647153	0.3170314015	4.0929048421	0.3172895041	56.3519693517	4.3919099749	0.3176989909	4.3906363717	0.3173389418	111.4663008932
4.0923647153	0.3170314015	4.0920804453	0.3169010924	56.3519693517	4.0169366943	0.3169297332	4.0163993883	0.3166772199	111.4663008932
4.2883963421	0.3166932359	4.2883411475	0.3166772199	56.3519693517	4.0169366943	0.3169297332	4.0172344706	0.3170728473	111.4663008932
4.2885293497	0.3167307109	4.2883963421	0.3166932359	56.3519693517	4.0176913326	0.3172895041	4.0172344706	0.3170728473	111.4663008932
4.289878273	0.3171270748	4.2904470994	0.3172895041	56.3519693517	4.3888413426	0.316843929	4.3882434898	0.3166772199	111.4663008932
4.2885293497	0.3167307109	4.289878273	0.3171270748	56.3519693517	4.3902258077	0.317224222	4.3888413426	0.316843929	111.4663008932
4.0903643156	0.3160649356	4.0904094467	0.3160875964	56.3519693517	4.3903890504	0.3172698474	4.3904604279	0.3172895041	111.4663008932
4.0913401324	0.3165424915	4.0916038778	0.3166772199	56.3519693517	4.3902258077	0.317224222	4.3903890504	0.3172698474	111.4663008932
4.0913401324	0.3165424915	4.0904094467	0.3160875964	56.3519693517	4.0151419778	0.3160649356	4.0155335872	0.3162557527	111.4663008932
4.2868507664	0.3162670607	4.2861359449	0.3160649356	56.3519693517	4.0159173226	0.3164401957	4.0163993883	0.3166772199	111.4663008932
4.2868507664	0.3162670607	4.2881973187	0.3166372387	56.3519693517	4.0159173226	0.3164401957	4.0155335872	0.3162557527	111.4663008932
4.2883411475	0.3166772199	4.2881973187	0.3166372387	56.3519693517	4.3860184533	0.3160649356	4.3866984386	0.316252475	111.4663008932
4.0894302703	0.3155478973	4.0892516541	0.3154526514	56.3519693517	4.3872947049	0.3164178817	4.3882434898	0.3166772199	111.4663008932
4.0902212566	0.3159893028	4.0894302703	0.3155478973	56.3519693517	4.3872947049	0.3164178817	4.3866984386	0.316252475	111.4663008932
4.0903385984	0.316050806	4.0903643156	0.3160649356	56.3519693517	4.0139260703	0.315455402	4.0139206364	0.3154526514	111.4663008932
4.0902212566	0.3159893028	4.0903385984	0.316050806	56.3519693517	4.0139489131	0.3154672337	4.0139260703	0.315455402	111.4663008932
4.2839158262	0.3154526514	4.2842803621	0.3155532977	56.3519693517	4.0149142817	0.3159486917	4.0151419778	0.3160649356	111.4663008932
4.2853091085	0.3158404138	4.2861359449	0.3160649356	56.3519693517	4.0139489131	0.3154672337	4.0149142817	0.3159486917	111.4663008932
4.2853091085	0.3158404138	4.2842803621	0.3155532977	56.3519693517	4.3841861149	0.3155676312	4.3837659693	0.3154526514	111.4663008932
4.0885600358	0.3150404015	4.0882117588	0.3148403672	56.3519693517	4.3851409848	0.315825153	4.3841861149	0.3155676312	111.4663008932
4.0885600358	0.3150404015	4.0889997512	0.315305565	56.3519693517	4.385748201	0.3159918183	4.3860184533	0.3160649356	111.4663008932
4.0892516541	0.3154526514	4.0889997512	0.315305565	56.3519693517	4.3851409848	0.315825153	4.385748201	0.3159918183	111.4663008932
4.2821754977	0.3149931761	4.281606896	0.3148403672	56.3519693517	4.0129963524	0.3149550689	4.0127782088	0.3148403672	111.4663008932
4.2834445268	0.3153251162	4.2821754977	0.3149931761	56.3519693517	4.0129963524	0.3149550689	4.0139123318	0.3154482465	111.4663008932
4.2837688571	0.3154135975	4.2839158262	0.3154526514	56.3519693517	4.0139206364	0.3154526514	4.0139123318	0.3154482465	111.4663008932
4.2834445268	0.3153251162	4.2837688571	0.3154135975	56.3519693517	4.3826172336	0.3151442623	4.3814953597	0.3148403672	111.4663008932
4.0877212622	0.3145291174	4.0872382364	0.3142280829	56.3519693517	4.3826172336	0.3151442623	4.382647881	0.3151524466	111.4663008932
4.0877212622	0.3145291174	4.0877403033	0.3145416255	56.3519693517	4.3837659693	0.3154526514	4.382647881	0.3151524466	111.4663008932
4.0882117588	0.3148403672	4.0877403033	0.3145416255	56.3519693517	4.012081926	0.3144528944	4.011670974	0.3142280829	111.4663008932
4.2792677707	0.3142280829	4.2800343261	0.314429731	56.3519693517	4.012081926	0.3144528944	4.0124514574	0.3146600524	111.4663008932
4.2805756437	0.3145735368	4.281606896	0.3148403672	56.3519693517	4.0127782088	0.3148403672	4.0124514574	0.3146600524	111.4663008932
4.2805756437	0.3145735368	4.2800343261	0.314429731	56.3519693517	4.3794701946	0.3142986416	4.3792076474	0.3142280829	111.4663008932
4.0863334269	0.3136157987	4.0865899465	0.3137908221	56.3519693517	4.3800561619	0.3144538914	4.3794701946	0.3142986416	111.4663008932
4.0869274016	0.3140124252	4.0872382364	0.3142280829	56.3519693517	4.3810468215	0.3147210778	4.3814953597	0.3148403672	111.4663008932
4.0869274016	0.3140124252	4.0865899465	0.3137908221	56.3519693517	4.3800561619	0.3144538914	4.3810468215	0.3147210778	111.4663008932
4.2773378285	0.3137388468	4.2768570082	0.3136157987	56.3519693517	4.010599352	0.3136157987	4.0110639772	0.313880696	111.4663008932
4.2783597039	0.3139936287	4.2773378285	0.3137388468	56.3519693517	4.0111850324	0.3139486088	4.011670974	0.3142280829	111.4663008932
4.2789755526	0.3141539261	4.2792677707	0.3142280829	56.3519693517	4.0111850324	0.3139486088	4.0110639772	0.313880696	111.4663008932
4.2783597039	0.3139936287	4.2789755526	0.3141539261	56.3519693517	4.3778780909	0.3138780691	4.3768928488	0.3136157987	111.4663008932
4.0854997814	0.3130035144	4.0855687102	0.3130555666	56.3519693517	4.3778780909	0.3138780691	4.3784955156	0.3140401591	111.4663008932
4.0861711848	0.3134912001	4.0863334269	0.3136157987	56.3519693517	4.3792076474	0.3142280829	4.3784955156	0.3140401591	111.4663008932
4.0861711848	0.3134912001	4.0855687102	0.3130555666	56.3519693517	4.0095637679	0.3130035144	4.0097411809	0.3131091285	111.4663008932
4.2744011702	0.3130035144	4.2754393039	0.3132641414	56.3519693517	4.010309513	0.3134417494	4.010599352	0.3136157987	111.4663008932
4.2756828764	0.3133258421	4.2768570082	0.3136157987	56.3519693517	4.010309513	0.3134417494	4.0097411809	0.3131091285	111.4663008932
4.2756828764	0.3133258421	4.2754393039	0.3132641414	56.3519693517	4.3746957184	0.313036703	4.3745700296	0.3130035144	111.4663008932
4.0848130624	0.3124301686	4.0847647985	0.3123912302	56.3519693517	4.374971339	0.3131084782	4.3746957184	0.313036703	111.4663008932
4.0851364337	0.3127081626	4.0848130624	0.3124301686	56.3519693517	4.3762871053	0.3134573619	4.3768928488	0.3136157987	111.4663008932
4.0854552357	0.3129651262	4.0854997814	0.3130035144	56.3519693517	4.374971339	0.3131084782	4.3762871053	0.3134573619	111.4663008932
4.0851364337	0.3127081626	4.0854552357	0.3129651262	56.3519693517	4.0086228665	0.3124202769	4.0085759613	0.3123912302	111.4663008932
4.2723418719	0.3125035776	4.2718815675	0.3123912302	56.3519693517	4.0088640902	0.3125736183	4.0086228665	0.3124202769	111.4663008932
4.273274881	0.3127256363	4.2723418719	0.3125035776	56.3519693517	4.0094512394	0.3129328134	4.0095637679	0.3130035144	111.4663008932
4.2740276749	0.3129128674	4.2744011702	0.3130035144	56.3519693517	4.0088640902	0.3125736183	4.0094512394	0.3129328134	111.4663008932
4.273274881	0.3127256363	4.2740276749	0.3129128674	56.3519693517	4.3730816579	0.3126187744	4.3722122414	0.3123912302	111.4663008932
4.0842437419	0.3118864386	4.0841252911	0.3117789459	56.3519693517	4.3730816579	0.3126187744	4.3742225446	0.312913349	111.4663008932
4.0842437419	0.3118864386	4.0847089856	0.3123397594	56.3519693517	4.3745700296	0.3130035144	4.3742225446	0.312913349	111.4663008932
4.0847647985	0.3123912302	4.0847089856	0.3123397594	56.3519693517	4.0078405641	0.3119021929	4.0076504383	0.3117789459	111.4663008932
4.2693108035	0.3117789459	4.2704400861	0.312049881	56.3519693517	4.0078405641	0.3119021929	4.0085109035	0.3123487015	111.4663008932
4.2706344383	0.3120968924	4.2718815675	0.3123912302	56.3519693517	4.0085759613	0.3123912302	4.0085109035	0.3123487015	111.4663008932
4.2706344383	0.3120968924	4.2704400861	0.312049881	56.3519693517	4.3698644692	0.3117816007	4.3698542412	0.3117789459	111.4663008932
4.0837247593	0.3113366471	4.083561222	0.3111666617	56.3519693517	4.3698865161	0.3117872462	4.3698644692	0.3117816007	111.4663008932
4.0837247593	0.3113366471	4.083995207	0.3116415262	56.3519693517	4.3714708939	0.3122004488	4.3722122414	0.3123912302	111.4663008932
4.0841252911	0.3117789459	4.083995207	0.3116415262	56.3519693517	4.3698865161	0.3117872462	4.3714708939	0.3122004488	111.4663008932
4.267190421	0.3112870321	4.2666739543	0.3111666617	56.3519693517	4.0070776531	0.3113817738	4.0067613655	0.3111666617	111.4663008932
4.2681900581	0.3115144005	4.267190421	0.3112870321	56.3519693517	4.0070776531	0.3113817738	4.0073919788	0.311601683	111.4663008932
4.2689282673	0.3116900551	4.2693108035	0.3117789459	56.3519693517	4.0076504383	0.3117789459	4.0073919788	0.311601683	111.4663008932
4.2681900581	0.3115144005	4.2689282673	0.3116900551	56.3519693517	4.3682295646	0.311366182	4.3674544887	0.3111666617	111.4663008932
4.0832603657	0.3107802824	4.0830751737	0.3105543774	56.3519693517	4.3682295646	0.311366182	4.3698254172	0.3117715888	111.4663008932
4.0832603657	0.3107802824	4.0833917863	0.3109565816	56.3519693517	4.3698542412	0.3117789459	4.3698254172	0.3117715888	111.4663008932
4.083561222	0.3111666617	4.0833917863	0.3109565816	56.3519693517	4.006334883	0.3108589296	4.0059091471	0.3105543774	111.4663008932
4.2639895677	0.3105543774	4.2649655854	0.3107783898	56.3519693517	4.006334883	0.3108589296	4.0063400423	0.3108627308	111.4663008932
4.2654327006	0.3108864021	4.2666739543	0.3111666617	56.3519693517	4.0067613655	0.3111666617	4.0063400423	0.3108627308	111.4663008932
4.2654327006	0.3108864021	4.2649655854	0.3107783898	56.3519693517	4.3650562866	0.3105543774	4.3652833841	0.3106123798	111.4663008932
4.0828552563	0.3102167791	4.0826698462	0.3099420932	56.3519693517	4.3665997047	0.3109501558	4.3674544887	0.3111666617	111.4663008932
4.0828552563	0.3102167791	4.0828960413	0.3102846027	56.3519693517	4.3665997047	0.3109501558	4.3652833841	0.3106123798	111.4663008932
4.0830751737	0.3105543774	4.0828960413	0.3102846027	56.3519693517	4.0050941916	0.3099420932	4.0053438907	0.3101304959	111.4663008932
4.2618850382	0.3100890221	4.2612254661	0.3099420932	56.3519693517	4.0056181274	0.3103329528	4.0059091471	0.3105543774	111.4663008932
4.2631052352	0.3103544812	4.2618850382	0.3100890221	56.3519693517	4.0056181274	0.3103329528	4.0053438907	0.3101304959	111.4663008932
4.2636791966	0.3104852644	4.2639895677	0.3105543774	56.3519693517	4.3633231314	0.3101201328	4.3626201808	0.3099420932	111.4663008932
4.2631052352	0.3103544812	4.2636791966	0.3104852644	56.3519693517	4.3648016932	0.3104898074	4.3633231314	0.3101201328	111.4663008932
4.0823480634	0.3093298089	4.0825038579	0.309625094	56.3519693517	4.3649738447	0.310533648	4.3650562866	0.3105543774	111.4663008932
4.082515854	0.3096453636	4.0826698462	0.3099420932	56.3519693517	4.3648016932	0.3104898074	4.3649738447	0.310533648	111.4663008932
4.082515854	0.3096453636	4.0825038579	0.309625094	56.3519693517	4.0043169117	0.3093298089	4.0044124137	0.3094060487	111.4663008932
4.2584282978	0.3093298089	4.258922785	0.3094384673	56.3519693517	4.0049230953	0.3098043602	4.0050941916	0.3099420932	111.4663008932
4.2600788532	0.3096942279	4.2612254661	0.3099420932	56.3519693517	4.0049230953	0.3098043602	4.0044124137	0.3094060487	111.4663008932
4.2600788532	0.3096942279	4.258922785	0.3094384673	56.3519693517	4.3601819909	0.3093298089	4.3606094816	0.3094372919	111.4663008932
4.0821127795	0.3087175247	4.0822109442	0.3089775388	56.3519693517	4.361674756	0.3097063362	4.3626201808	0.3099420932	111.4663008932
4.0822497813	0.3090651183	4.0823480634	0.3093298089	56.3519693517	4.361674756	0.3097063362	4.3606094816	0.3094372919	111.4663008932
4.0822497813	0.3090651183	4.0822109442	0.3089775388	56.3519693517	4.003609971	0.3087379103	4.0035854772	0.3087175247	111.4663008932
4.2564261191	0.3089095	4.255525092	0.3087175247	56.3519693517	4.0037792673	0.3088834555	4.003609971	0.3087379103	111.4663008932
4.2580204123	0.3092414555	4.2564261191	0.3089095	56.3519693517	4.0042505185	0.3092730637	4.0043169117	0.3093298089	111.4663008932
4.2582812196	0.3092984041	4.2584282978	0.3093298089	56.3519693517	4.0037792673	0.3088834555	4.0042505185	0.3092730637	111.4663008932
4.2580204123	0.3092414555	4.2582812196	0.3092984041	56.3519693517	4.3583633908	0.3088805027	4.3577095518	0.3087175247	111.4663008932
4.0819670871	0.3081052404	4.0820203493	0.3083423043	56.3519693517	4.3597168703	0.3092136404	4.3583633908	0.3088805027	111.4663008932
4.082059364	0.308475763	4.0821127795	0.3087175247	56.3519693517	4.3600298344	0.3092921237	4.3601819909	0.3093298089	111.4663008932
4.082059364	0.308475763	4.0820203493	0.3083423043	56.3519693517	4.3597168703	0.3092136404	4.3600298344	0.3092921237	111.4663008932
4.2527232977	0.3081308034	4.2525993428	0.3081052404	56.3519693517	4.0030159509	0.3081971545	4.0029120002	0.3081052404	111.4663008932
4.2529355894	0.3081735798	4.2527232977	0.3081308034	56.3519693517	4.0030159509	0.3081971545	4.003555209	0.3086905449	111.4663008932
4.2545729605	0.3085203622	4.255525092	0.3087175247	56.3519693517	4.0035854772	0.3087175247	4.003555209	0.3086905449	111.4663008932
4.2529355894	0.3081735798	4.2545729605	0.3085203622	56.3519693517	4.3552320213	0.3081052404	4.3558001928	0.3082459016	111.4663008932
4.0819142244	0.3074929562	4.0819298111	0.307719118	56.3519693517	4.3566969869	0.3084688769	4.3577095518	0.3087175247	111.4663008932
4.0819515835	0.307876457	4.0819670871	0.3081052404	56.3519693517	4.3566969869	0.3084688769	4.3558001928	0.3082459016	111.4663008932
4.0819515835	0.307876457	4.0819298111	0.307719118	56.3519693517	4.002446486	0.3076534418	4.0022763251	0.3074929562	111.4663008932
4.2508129349	0.3077485537	4.2495592278	0.3074929562	56.3519693517	4.002446486	0.3076534418	4.002786231	0.3079856649	111.4663008932
4.2508129349	0.3077485537	4.2520935693	0.3080038494	56.3519693517	4.0029120002	0.3081052404	4.002786231	0.3079856649	111.4663008932
4.2525993428	0.3081052404	4.2520935693	0.3080038494	56.3519693517	4.3533511055	0.3076471996	4.3527224827	0.3074929562	111.4663008932
4.0819575836	0.306880672	4.081937185	0.3071077216	56.3519693517	4.3546320474	0.3079576406	4.3533511055	0.3076471996	111.4663008932
4.081934248	0.3072662602	4.0819142244	0.3074929562	56.3519693517	4.3550337763	0.3080568666	4.3552320213	0.3081052404	111.4663008932
4.081934248	0.3072662602	4.081937185	0.3071077216	56.3519693517	4.3546320474	0.3079576406	4.3550337763	0.3080568666	111.4663008932
4.2469928688	0.3069839749	4.2464687301	0.306880672	56.3519693517	4.0019024613	0.3071066658	4.0016788364	0.306880672	111.4663008932
4.2478507665	0.3071492749	4.2469928688	0.3069839749	56.3519693517	4.0019024613	0.3071066658	4.0020748662	0.3072877223	111.4663008932
4.2489139969	0.3073649283	4.2495592278	0.3074929562	56.3519693517	4.0022763251	0.3074929562	4.0020748662	0.3072877223	111.4663008932
4.2478507665	0.3071492749	4.2489139969	0.3073649283	56.3519693517	4.3502061159	0.306880672	4.3508490752	0.3070374331	111.4663008932
4.0821007205	0.3062683877	4.0820404376	0.3065078704	56.3519693517	4.3516670747	0.3072376964	4.3527224827	0.3074929562	111.4663008932
4.0820161189	0.3066441175	4.0819575836	0.306880672	56.3519693517	4.3516670747	0.3072376964	4.3508490752	0.3070374331	111.4663008932
4.0820161189	0.3066441175	4.0820404376	0.3065078704	56.3519693517	4.0013847927	0.3065567161	4.0011199218	0.3062683877	111.4663008932
4.2433113202	0.3062683877	4.2441903596	0.3064399074	56.3519693517	4.0013847927	0.3065567161	4.001419936	0.3065965753	111.4663008932
4.2450408809	0.3066067375	4.2464687301	0.306880672	56.3519693517	4.0016788364	0.306880672	4.001419936	0.3065965753	111.4663008932
4.2450408809	0.3066067375	4.2441903596	0.3064399074	56.3519693517	4.3482867842	0.3064201625	4.3476585002	0.3062683877	111.4663008932
4.0823473632	0.3056561035	4.082237639	0.305919332	56.3519693517	4.3495472245	0.3067209862	4.3482867842	0.3064201625	111.4663008932
4.0822070599	0.3060088413	4.0821007205	0.3062683877	56.3519693517	4.3499862465	0.3068278075	4.3502061159	0.306880672	111.4663008932
4.0822070599	0.3060088413	4.082237639	0.305919332	56.3519693517	4.3495472245	0.3067209862	4.3499862465	0.3068278075	111.4663008932
4.2411011614	0.3058565667	4.2400369908	0.3056561035	56.3519693517	4.0005999722	0.3056561035	4.0008165795	0.3059116384	111.4663008932
4.2427659436	0.3061633076	4.2411011614	0.3058565667	56.3519693517	4.0008969068	0.3060031802	4.0011199218	0.3062683877	111.4663008932
4.2430998622	0.3062281792	4.2433113202	0.3062683877	56.3519693517	4.0008969068	0.3060031802	4.0008165795	0.3059116384	111.4663008932
4.2427659436	0.3061633076	4.2430998622	0.3062281792	56.3519693517	4.3451036648	0.3056561035	4.3457485929	0.305810979	111.4663008932
4.082701423	0.3050438192	4.0825269577	0.3053418858	56.3519693517	4.3465854492	0.3060127429	4.3476585002	0.3062683877	111.4663008932
4.0825182171	0.3053590893	4.0823473632	0.3056561035	56.3519693517	4.3465854492	0.3060127429	4.3457485929	0.305810979	111.4663008932
4.0825182171	0.3053590893	4.0825269577	0.3053418858	56.3519693517	4.0001193816	0.3050438192	4.000266373	0.3052331016	111.4663008932
4.2370968783	0.3051141702	4.2367091861	0.3050438192	56.3519693517	4.0004382095	0.3054461296	4.0005999722	0.3056561035	111.4663008932
4.2376811207	0.3052178416	4.2370968783	0.3051141702	56.3519693517	4.0004382095	0.3054461296	4.000266373	0.3052331016	111.4663008932
4.2391038766	0.3054847836	4.2400369908	0.3056561035	56.3519693517	4.3431706938	0.305199359	4.3425167742	0.3050438192	111.4663008932
4.2376811207	0.3052178416	4.2391038766	0.3054847836	56.3519693517	4.3444624016	0.3055029825	4.3431706938	0.305199359	111.4663008932
4.0829693931	0.3046924772	4.0831670052	0.304431535	56.3519693517	4.3448875827	0.3056049057	4.3451036648	0.3056561035	111.4663008932
4.0829693931	0.3046924772	4.0829016722	0.3047747225	56.3519693517	4.3444624016	0.3055029825	4.3448875827	0.3056049057	111.4663008932
4.082701423	0.3050438192	4.0829016722	0.3047747225	56.3519693517	3.9996785468	0.304431535	3.9997698918	0.304561034	111.4663008932
4.2332806382	0.304431535	4.2346631278	0.3046804104	56.3519693517	4.0000086443	0.3048855711	4.0001193816	0.3050438192	111.4663008932
4.2350433598	0.3047491585	4.2367091861	0.3050438192	56.3519693517	4.0000086443	0.3048855711	3.9997698918	0.304561034	111.4663008932
4.2350433598	0.3047491585	4.2346631278	0.3046804104	56.3519693517	4.3399237056	0.304431535	4.3404899486	0.30456548	111.4663008932
4.0835727644	0.3040075385	4.083748421	0.3038192507	56.3519693517	4.3414523041	0.3047939931	4.3425167742	0.3050438192	111.4663008932
4.0835727644	0.3040075385	4.0833627654	0.3042179603	56.3519693517	4.3414523041	0.3047939931	4.3404899486	0.30456548	111.4663008932
4.0831670052	0.304431535	4.0833627654	0.3042179603	56.3519693517	3.9992778678	0.3038192507	3.999326094	0.3038953102	111.4663008932
4.230903501	0.3040230873	4.229726105	0.3038192507	56.3519693517	3.9996092552	0.3043213789	3.9996785468	0.304431535	111.4663008932
4.2325962978	0.3043097912	4.230903501	0.3040230873	56.3519693517	3.9996092552	0.3043213789	3.999326094	0.3038953102	111.4663008932
4.2330023171	0.3043826445	4.2332806382	0.304431535	56.3519693517	4.3380028693	0.3039847851	4.33729611	0.3038192507	111.4663008932
4.2325962978	0.3043097912	4.2330023171	0.3043826445	56.3519693517	4.3393775787	0.3043030462	4.3380028693	0.3039847851	111.4663008932
4.0843440733	0.3033023778	4.0844502001	0.3032069665	56.3519693517	4.3397378945	0.3043881479	4.3399237056	0.304431535	111.4663008932
4.0843440733	0.3033023778	4.0839098131	0.3036715483	56.3519693517	4.3393775787	0.3043030462	4.3397378945	0.3043881479	111.4663008932
4.083748421	0.3038192507	4.0839098131	0.3036715483	56.3519693517	3.9989177474	0.3032069665	3.9989339753	0.3032358094	111.4663008932
4.2266863388	0.3033063245	4.226088003	0.3032069665	56.3519693517	3.9992411242	0.3037534228	3.9992778678	0.3038192507	111.4663008932
4.2275114749	0.3034403286	4.2266863388	0.3033063245	56.3519693517	3.9992411242	0.3037534228	3.9989339753	0.3032358094	111.4663008932
4.2288045389	0.3036635476	4.229726105	0.3038192507	56.3519693517	4.3346649156	0.3032069665	4.3350628846	0.3032997008	111.4663008932
4.2275114749	0.3034403286	4.2288045389	0.3036635476	56.3519693517	4.3362676066	0.3035814509	4.33729611	0.3038192507	111.4663008932
4.0845413838	0.3031353141	4.0851364337	0.3026973003	56.3519693517	4.3362676066	0.3035814509	4.3350628846	0.3032997008	111.4663008932
4.0844502001	0.3032069665	4.0845413838	0.3031353141	56.3519693517	3.9986080082	0.3026050904	3.9986024396	0.3025946822	111.4663008932
4.0852894834	0.3025946822	4.0852651126	0.302610177	56.3519693517	3.9986944444	0.3027775523	3.9986080082	0.3026050904	111.4663008932
4.0852651126	0.302610177	4.0851364337	0.3026973003	56.3519693517	3.998905373	0.3031815677	3.9989177474	0.3032069665	111.4663008932
4.2223854552	0.3025996429	4.2223542192	0.3025946822	56.3519693517	3.9986944444	0.3027775523	3.998905373	0.3031815677	111.4663008932
4.222426652	0.3026060393	4.2223854552	0.3025996429	56.3519693517	4.3327831219	0.3027764634	4.3319949393	0.3025946822	111.4663008932
4.2245273223	0.3029540162	4.226088003	0.3032069665	56.3519693517	4.3342927558	0.3031206921	4.3327831219	0.3027764634	111.4663008932
4.222426652	0.3026060393	4.2245273223	0.3029540162	56.3519693517	4.3345370718	0.3031775474	4.3346649156	0.3032069665	111.4663008932
4.086332543	0.301982398	4.086121344	0.3021009951	56.3519693517	4.3342927558	0.3031206921	4.3345370718	0.3031775474	111.4663008932
4.0853302343	0.3025713459	4.0852894834	0.3025946822	56.3519693517	3.9983549587	0.3020232768	3.9983359093	0.301982398	111.4663008932
4.0853302343	0.3025713459	4.086121344	0.3021009951	56.3519693517	3.9983549587	0.3020232768	3.9985970141	0.3025829503	111.4663008932
4.2201599406	0.302255342	4.2184326975	0.301982398	56.3519693517	3.9986024396	0.3025946822	3.9985970141	0.3025829503	111.4663008932
4.2201599406	0.302255342	4.2221022163	0.3025556156	56.3519693517	4.3293256016	0.301982398	4.3294554437	0.3020122018	111.4663008932
4.2223542192	0.3025946822	4.2221022163	0.3025556156	56.3519693517	4.331031104	0.3023751468	4.3319949393	0.3025946822	111.4663008932
4.087526619	0.3013701137	4.0870638057	0.3016021965	56.3519693517	4.331031104	0.3023751468	4.3294554437	0.3020122018	111.4663008932
4.0867008308	0.3017940226	4.086332543	0.301982398	56.3519693517	3.9981362884	0.3014373236	3.9981096134	0.3013701137	111.4663008932
4.0867008308	0.3017940226	4.0870638057	0.3016021965	56.3519693517	3.9981362884	0.3014373236	3.9983180579	0.3019370758	111.4663008932
4.2156925299	0.3015687126	4.2143754103	0.3013701137	56.3519693517	3.9983359093	0.301982398	3.9983180579	0.3019370758	111.4663008932
4.2173418291	0.3018119159	4.2156925299	0.3015687126	56.3519693517	4.3275110446	0.301574443	4.3266113064	0.3013701137	111.4663008932
4.2179547133	0.3019085981	4.2184326975	0.301982398	56.3519693517	4.3292079329	0.3019555208	4.3275110446	0.301574443	111.4663008932
4.2173418291	0.3018119159	4.2179547133	0.3019085981	56.3519693517	4.3292847912	0.3019731432	4.3293256016	0.301982398	111.4663008932
4.088390833	0.3009782383	4.0888786368	0.3007578295	56.3519693517	4.3292079329	0.3019555208	4.3292847912	0.3019731432	111.4663008932
4.088390833	0.3009782383	4.0880847225	0.301112845	56.3519693517	3.9979531672	0.3008470897	3.9979239161	0.3007578295	111.4663008932
4.087526619	0.3013701137	4.0880847225	0.301112845	56.3519693517	3.9979531672	0.3008470897	3.9980857772	0.3012968217	111.4663008932
4.2111195556	0.3008947946	4.2101641711	0.3007578295	56.3519693517	3.9981096134	0.3013701137	3.9980857772	0.3012968217	111.4663008932
4.2122570062	0.3010541953	4.2111195556	0.3008947946	56.3519693517	4.3239772046	0.3007753986	4.3238989685	0.3007578295	111.4663008932
4.2134227219	0.3012297452	4.2143754103	0.3013701137	56.3519693517	4.32412311	0.300807799	4.3239772046	0.3007753986	111.4663008932
4.2122570062	0.3010541953	4.2134227219	0.3012297452	56.3519693517	4.3257423291	0.301175137	4.3266113064	0.3013701137	111.4663008932
4.0891786106	0.3006322802	4.0902212566	0.3002147853	56.3519693517	4.32412311	0.300807799	4.3257423291	0.301175137	111.4663008932
4.0888786368	0.3007578295	4.0891786106	0.3006322802	56.3519693517	3.9978068064	0.3002524294	3.9977791833	0.3001455453	111.4663008932
4.0904139561	0.3001455453	4.0903643863	0.3001627801	56.3519693517	3.9978068064	0.3002524294	3.9978993604	0.3006620902	111.4663008932
4.0903643863	0.3001627801	4.0902212566	0.3002147853	56.3519693517	3.9979239161	0.3007578295	3.9978993604	0.3006620902	111.4663008932
4.2064291554	0.3002350163	4.2057700927	0.3001455453	56.3519693517	4.3221860155	0.3003787987	4.321142851	0.3001455453	111.4663008932
4.2071721833	0.300333568	4.2064291554	0.3002350163	56.3519693517	4.3221860155	0.3003787987	4.3236329732	0.3006988101	111.4663008932
4.208781232	0.3005640774	4.2101641711	0.3007578295	56.3519693517	4.3238989685	0.3007578295	4.3236329732	0.3006988101	111.4663008932
4.2071721833	0.300333568	4.208781232	0.3005640774	56.3519693517	3.9976984604	0.2996531915	3.9976757826	0.299533261	111.4663008932
4.0922828193	0.299533261	4.0917172797	0.2997134032	56.3519693517	3.9976984604	0.2996531915	3.9977580226	0.3000327869	111.4663008932
4.0905269525	0.3001087352	4.0904139561	0.3001455453	56.3519693517	3.9977791833	0.3001455453	3.9977580226	0.3000327869	111.4663008932
4.0905269525	0.3001087352	4.0917172797	0.2997134032	56.3519693517	4.3186138551	0.2995843686	4.3183826088	0.299533261	111.4663008932
4.2016074429	0.2995910498	4.2011558282	0.299533261	56.3519693517	4.3190382871	0.2996771463	4.3186138551	0.2995843686	111.4663008932
4.2020873604	0.2996510134	4.2016074429	0.2995910498	56.3519693517	4.320400603	0.2999815033	4.321142851	0.3001455453	111.4663008932
4.2040179769	0.2999130719	4.2057700927	0.3001455453	56.3519693517	4.3190382871	0.2996771463	4.320400603	0.2999815033	111.4663008932
4.2020873604	0.2996510134	4.2040179769	0.2999130719	56.3519693517	3.9976294286	0.2990492197	3.9976140831	0.2989209768	111.4663008932
4.0937011468	0.2991142332	4.0943603836	0.2989209768	56.3519693517	3.9976294286	0.2990492197	3.9976610042	0.2994088203	111.4663008932
4.0937011468	0.2991142332	4.0931489512	0.2992735124	56.3519693517	3.9976757826	0.299533261	3.9976610042	0.2994088203	111.4663008932
4.0922828193	0.299533261	4.0931489512	0.2992735124	56.3519693517	4.3168072	0.2991896311	4.3155867873	0.2989209768	111.4663008932
4.1966380633	0.2989648646	4.1962722532	0.2989209768	56.3519693517	4.3168072	0.2991896311	4.317577289	0.2993573363	111.4663008932
4.1970025375	0.299007532	4.1966380633	0.2989648646	56.3519693517	4.3183826088	0.299533261	4.317577289	0.2993573363	111.4663008932
4.1991186152	0.2992784555	4.2011558282	0.299533261	56.3519693517	3.9976010573	0.2984403517	3.9975944555	0.2983086925	111.4663008932
4.1970025375	0.299007532	4.1991186152	0.2992784555	56.3519693517	3.9976010573	0.2984403517	3.9976075699	0.2987901018	111.4663008932
4.0946468008	0.2988415903	4.0953060795	0.2986655546	56.3519693517	3.9976140831	0.2989209768	3.9976075699	0.2987901018	111.4663008932
4.0943603836	0.2989209768	4.0946468008	0.2988415903	56.3519693517	4.3131955367	0.2983999577	4.3127758887	0.2983086925	111.4663008932
4.0968226006	0.2983086925	4.0963007027	0.2984284592	56.3519693517	4.3139534642	0.2985630206	4.3131955367	0.2983999577	111.4663008932
4.0963007027	0.2984284592	4.0953060795	0.2986655546	56.3519693517	4.3150050366	0.2987943527	4.3155867873	0.2989209768	111.4663008932
4.1915016262	0.2983587954	4.1910534505	0.2983086925	56.3519693517	4.3139534642	0.2985630206	4.3150050366	0.2987943527	111.4663008932
4.1919177146	0.2984041458	4.1915016262	0.2983587954	56.3519693517	3.9976147422	0.2978264196	3.9976172719	0.2976964083	111.4663008932
4.1940662799	0.2986622593	4.1962722532	0.2989209768	56.3519693517	3.9976147422	0.2978264196	3.9975970075	0.2981765457	111.4663008932
4.1919177146	0.2984041458	4.1940662799	0.2986622593	56.3519693517	3.9975944555	0.2983086925	3.9975970075	0.2981765457	111.4663008932
4.0987365605	0.2978956143	4.0996726474	0.2976964083	56.3519693517	4.3099398776	0.2976964083	4.311279738	0.2979867382	111.4663008932
4.0987365605	0.2978956143	4.0980906385	0.2980317084	56.3519693517	4.311373367	0.2980070883	4.3127758887	0.2983086925	111.4663008932
4.0968226006	0.2983086925	4.0980906385	0.2980317084	56.3519693517	4.311373367	0.2980070883	4.311279738	0.2979867382	111.4663008932
4.1861749732	0.2977756309	4.1854088936	0.2976964083	56.3519693517	3.9976719298	0.2972072492	3.9976829059	0.297084124	111.4663008932
4.1868328917	0.2978418977	4.1861749732	0.2977756309	56.3519693517	3.9976719298	0.2972072492	3.9976286272	0.2975680689	111.4663008932
4.1888410016	0.2980668878	4.1910534505	0.2983086925	56.3519693517	3.9976172719	0.2976964083	3.9976286272	0.2975680689	111.4663008932
4.1868328917	0.2978418977	4.1888410016	0.2980668878	56.3519693517	4.3077210405	0.2972223113	4.3070752128	0.297084124	111.4663008932
4.0999399299	0.2976421048	4.1003909024	0.2975536361	56.3519693517	4.3088686413	0.2974652684	4.3077210405	0.2972223113	111.4663008932
4.0996726474	0.2976964083	4.0999399299	0.2976421048	56.3519693517	4.30955453	0.2976138176	4.3099398776	0.2976964083	111.4663008932
4.1031662396	0.297084124	4.101997846	0.2972776227	56.3519693517	4.3088686413	0.2974652684	4.30955453	0.2976138176	111.4663008932
4.101997846	0.2972776227	4.1003909024	0.2975536361	56.3519693517	3.9977741207	0.2965826597	3.9977917323	0.2964718398	111.4663008932
4.1806302237	0.2972187283	4.1792108138	0.297084124	56.3519693517	3.9977741207	0.2965826597	3.9977017603	0.2969645909	111.4663008932
4.1817480688	0.2973218508	4.1806302237	0.2972187283	56.3519693517	3.9976829059	0.297084124	3.9977017603	0.2969645909	111.4663008932
4.1834189687	0.2974952084	4.1854088936	0.2976964083	56.3519693517	4.3041984023	0.2964718398	4.3047361294	0.2965865114	111.4663008932
4.1817480688	0.2973218508	4.1834189687	0.2974952084	56.3519693517	4.3058816655	0.2968315137	4.3070752128	0.297084124	111.4663008932
4.1041619338	0.296925925	4.1054757253	0.2967243831	56.3519693517	4.3058816655	0.2968315137	4.3047361294	0.2965865114	111.4663008932
4.1031662396	0.297084124	4.1041619338	0.296925925	56.3519693517	3.9979228711	0.2959524638	3.9979441271	0.2958595555	111.4663008932
4.1074344057	0.2964718398	4.1064790782	0.2965926576	56.3519693517	3.9979228711	0.2959524638	3.9978157586	0.2963660336	111.4663008932
4.1064790782	0.2965926576	4.1054757253	0.2967243831	56.3519693517	3.9977917323	0.2964718398	3.9978157586	0.2963660336	111.4663008932
4.1748335138	0.2966921653	4.1722728925	0.2964718398	56.3519693517	4.3021889362	0.2960516018	4.3012764681	0.2958595555	111.4663008932
4.1766632459	0.2968450886	4.1748335138	0.2966921653	56.3519693517	4.3037838184	0.2963837866	4.3021889362	0.2960516018	111.4663008932
4.177771562	0.2969506672	4.1792108138	0.297084124	56.3519693517	4.3040477705	0.2964400562	4.3041984023	0.2964718398	111.4663008932
4.1766632459	0.2968450886	4.177771562	0.2969506672	56.3519693517	4.3037838184	0.2963837866	4.3040477705	0.2964400562	111.4663008932
4.1089883872	0.2962825295	4.1105605482	0.2960978343	56.3519693517	3.9981197962	0.295316467	3.9981404675	0.2952472713	111.4663008932
4.1074344057	0.2964718398	4.1089883872	0.2962825295	56.3519693517	3.9981197962	0.295316467	3.9979699932	0.2957723214	111.4663008932
4.1130652658	0.2958595555	4.1116551034	0.2959913554	56.3519693517	3.9979441271	0.2958595555	3.9979699932	0.2957723214	111.4663008932
4.1116551034	0.2959913554	4.1105605482	0.2960978343	56.3519693517	4.2984780463	0.2952738767	4.2983498797	0.2952472713	111.4663008932
4.165572036	0.2959705248	4.1639023129	0.2958595555	56.3519693517	4.2986989955	0.2953192641	4.2984780463	0.2952738767	111.4663008932
4.1664936001	0.2960296596	4.165572036	0.2959705248	56.3519693517	4.3003321588	0.2956628997	4.3012764681	0.2958595555	111.4663008932
4.1702851623	0.296316113	4.171578423	0.2964127137	56.3519693517	4.2986989955	0.2953192641	4.3003321588	0.2956628997	111.4663008932
4.1702851623	0.296316113	4.1687389396	0.2962014693	56.3519693517	3.9983665724	0.2946744674	3.9983811319	0.294634987	111.4663008932
4.1664936001	0.2960296596	4.1687389396	0.2962014693	56.3519693517	3.9983665724	0.2946744674	3.9981638541	0.2951833807	111.4663008932
4.1718640843	0.2964374421	4.1722728925	0.2964718398	56.3519693517	3.9981404675	0.2952472713	3.9981638541	0.2951833807	111.4663008932
4.171578423	0.2964127137	4.1718640843	0.2964374421	56.3519693517	4.2965975673	0.2948880286	4.2953749821	0.294634987	111.4663008932
4.114539403	0.2957263814	4.1156453711	0.2956303148	56.3519693517	4.2965975673	0.2948880286	4.2978552573	0.2951456733	111.4663008932
4.1130652658	0.2958595555	4.114539403	0.2957263814	56.3519693517	4.2983498797	0.2952472713	4.2978552573	0.2951456733	111.4663008932
4.117675137	0.2954916837	4.1199131917	0.2953456499	56.3519693517	3.9986649403	0.2940262555	3.9986664996	0.2940227028	111.4663008932
4.120730194	0.2952916237	4.1199131917	0.2953456499	56.3519693517	3.9986649403	0.2940262555	3.9983967489	0.2945991403	111.4663008932
4.117675137	0.2954916837	4.1156453711	0.2956303148	56.3519693517	3.9983811319	0.294634987	3.9983967489	0.2945991403	111.4663008932
4.1216836262	0.2952472713	4.1209928868	0.2952789032	56.3519693517	4.2928409147	0.2941158139	4.2923845287	0.2940227028	111.4663008932
4.1209928868	0.2952789032	4.120730194	0.2952916237	56.3519693517	4.2936141726	0.2942719537	4.2928409147	0.2941158139	111.4663008932
4.155301361	0.2953704059	4.1525678533	0.2952472713	56.3519693517	4.2947231407	0.2945014517	4.2953749821	0.294634987	111.4663008932
4.1563239543	0.2954143389	4.155301361	0.2953704059	56.3519693517	4.2936141726	0.2942719537	4.2947231407	0.2945014517	111.4663008932
4.1589162102	0.2955594154	4.1614087772	0.2956956431	56.3519693517	3.9986681026	0.2940195309	3.9986944444	0.2939705721	111.4663008932
4.1589162102	0.2955594154	4.1588473225	0.2955557065	56.3519693517	3.9986664996	0.2940227028	3.9986681026	0.2940195309	111.4663008932
4.1563239543	0.2954143389	4.1588473225	0.2955557065	56.3519693517	3.9990109871	0.2934104186	3.9989897486	0.2934459773	111.4663008932
4.1622824474	0.2957543533	4.1639023129	0.2958595555	56.3519693517	3.9989897486	0.2934459773	3.9986944444	0.2939705721	111.4663008932
4.1614087772	0.2956956431	4.1622824474	0.2957543533	56.3519693517	4.2893654735	0.2934104186	4.2905776321	0.2936570606	111.4663008932
4.1247011498	0.295113146	4.1258150169	0.2950663442	56.3519693517	4.2909444414	0.2937318918	4.2923845287	0.2940227028	111.4663008932
4.1216836262	0.2952472713	4.1247011498	0.295113146	56.3519693517	4.2909444414	0.2937318918	4.2905776321	0.2936570606	111.4663008932
4.1287591352	0.2949895003	4.1308998398	0.2949362219	56.3519693517	3.9994045621	0.2927981343	3.9993514817	0.2928772508	111.4663008932
4.1287591352	0.2949895003	4.1277236226	0.2950174483	56.3519693517	3.9990385752	0.2933689804	3.9990109871	0.2934104186	111.4663008932
4.1258150169	0.2950663442	4.1277236226	0.2950174483	56.3519693517	3.9990385752	0.2933689804	3.9993514817	0.2928772508	111.4663008932
4.1332239841	0.2949148467	4.1336890381	0.2949114126	56.3519693517	4.2871405968	0.2929653597	4.2863063378	0.2927981343	111.4663008932
4.1359846627	0.2948908821	4.1336890381	0.2949114126	56.3519693517	4.2885293497	0.2932409181	4.2871405968	0.2929653597	111.4663008932
4.1332239841	0.2949148467	4.1308998398	0.2949362219	56.3519693517	4.2890526731	0.2933474031	4.2893654735	0.2934104186	111.4663008932
4.138222888	0.2949045009	4.1387949984	0.2949088673	56.3519693517	4.2885293497	0.2932409181	4.2890526731	0.2933474031	111.4663008932
4.1410694856	0.2949223371	4.1387949984	0.2949088673	56.3519693517	3.9998463825	0.2921858501	3.9997515869	0.2923131449	111.4663008932
4.138222888	0.2949045009	4.1359846627	0.2948908821	56.3519693517	3.9994739239	0.292704274	3.9994045621	0.2927981343	111.4663008932
4.1439303046	0.2949794699	4.1461543085	0.2950235069	56.3519693517	3.9994739239	0.292704274	3.9997515869	0.2923131449	111.4663008932
4.1439303046	0.2949794699	4.143378224	0.2949692667	56.3519693517	4.2833154488	0.2922013929	4.2832366777	0.2921858501	111.4663008932
4.1410694856	0.2949223371	4.143378224	0.2949692667	56.3519693517	4.2834445268	0.2922266036	4.2833154488	0.2922013929	111.4663008932
4.1505638926	0.295165963	4.1512391314	0.2951880941	56.3519693517	4.2852256696	0.2925836596	4.2863063378	0.2927981343	111.4663008932
4.1505638926	0.295165963	4.1476070101	0.2950723456	56.3519693517	4.2834445268	0.2922266036	4.2852256696	0.2925836596	111.4663008932
4.1461543085	0.2950235069	4.1476070101	0.2950723456	56.3519693517	4.0003368954	0.2915735658	4.0001895216	0.2917535942	111.4663008932
4.1515946461	0.2952044623	4.1525678533	0.2952472713	56.3519693517	3.9999712816	0.2920321009	3.9998463825	0.2921858501	111.4663008932
4.1512391314	0.2951880941	4.1515946461	0.2952044623	56.3519693517	3.9999712816	0.2920321009	4.0001895216	0.2917535942	111.4663008932
					4.2813747517	0.2918227959	4.280108768	0.2915735658	111.4663008932
					4.2813747517	0.2918227959	4.2829027699	0.2921206149	111.4663008932
					4.2832366777	0.2921858501	4.2829027699	0.2921206149	111.4663008932
					4.0008765497	0.2909612816	4.0006647584	0.2911985351	111.4663008932
					4.0005330179	0.2913521757	4.0003368954	0.2915735658	111.4663008932
					4.0005330179	0.2913521757	4.0006647584	0.2911985351	111.4663008932
					4.2774973658	0.2910651192	4.2769611826	0.2909612816	111.4663008932
					4.2783597039	0.2912304493	4.2774973658	0.2910651192	111.4663008932
					4.2794409828	0.2914433646	4.280108768	0.2915735658	111.4663008932
					4.2783597039	0.2912304493	4.2794409828	0.2914433646	111.4663008932
					4.0014657958	0.2903489973	4.0011767844	0.290647906	111.4663008932
					4.0011616068	0.2906642005	4.0008765497	0.2909612816	111.4663008932
					4.0011616068	0.2906642005	4.0011767844	0.290647906	111.4663008932
					4.2737844735	0.2903489973	4.2746267156	0.2905117772	111.4663008932
					4.2755394723	0.2906885929	4.2769611826	0.2909612816	111.4663008932
					4.2755394723	0.2906885929	4.2746267156	0.2905117772	111.4663008932
					4.0018650848	0.2899672076	4.0021050856	0.2897367131	111.4663008932
					4.0018650848	0.2899672076	4.0017218013	0.2901012495	111.4663008932
					4.0014657958	0.2903489973	4.0017218013	0.2901012495	111.4663008932
					4.2716084782	0.2899373714	4.2705523112	0.2897367131	111.4663008932
					4.273274881	0.2902508422	4.2716084782	0.2899373714	111.4663008932
					4.2735877234	0.2903113267	4.2737844735	0.2903489973	111.4663008932
					4.273274881	0.2902508422	4.2735877234	0.2903113267	111.4663008932
					4.0026420914	0.2892613608	4.0027948724	0.2891244288	111.4663008932
					4.0026420914	0.2892613608	4.0023020469	0.289558835	111.4663008932
					4.0021050856	0.2897367131	4.0023020469	0.289558835	111.4663008932
					4.2676493418	0.2891895387	4.2673004046	0.2891244288	111.4663008932
					4.2681900581	0.2892894326	4.2676493418	0.2891895387	111.4663008932
					4.2696306618	0.2895632441	4.2705523112	0.2897367131	111.4663008932
					4.2681900581	0.2892894326	4.2696306618	0.2895632441	111.4663008932
					4.0034948412	0.2885463935	4.0035356108	0.2885121446	111.4663008932
					4.0034948412	0.2885463935	4.0029174677	0.289020656	111.4663008932
					4.0027948724	0.2891244288	4.0029174677	0.289020656	111.4663008932
					4.2640009841	0.2885121446	4.265638285	0.2888171594	111.4663008932
					4.2656456264	0.28881853	4.2673004046	0.2891244288	111.4663008932
					4.2656456264	0.28881853	4.265638285	0.2888171594	111.4663008932

