-3.2421604941999724e-8
-6.492467284554898e-8
-1.9719543086652887e-8
1.4010453699268173e-7
7.343845476047121e-7
1.6000591771386097e-6
4.5502034836000315e-6
7.783429749674257e-6
0.000011506864328786328
0.00001489189849017117
0.000026217177492817234
0.000038777125769049206
0.00004897607173133643
0.00006671832012025403
0.00008712691199625314
0.00011297889120476175
0.00014304436880002697
0.0001814274039049682
0.00023480166088565334
0.0003040388743524058
0.00038293130887903377
0.000475870121411476
0.0005862002585732665
0.0007341421763091403
0.0009520355046258339
0.0012141572590367998
0.0015331029790003477
0.0019092959419269714
0.00235438667765549
0.0029085354271575323
0.003511234067875198
0.004182973437610182
0.004903854050584288
0.005722194679016279
0.006590395870473897
0.0074635183735688405
0.008372641651085
0.009397367148879232
0.010479312937747372
0.011590466993724577
0.012666029058102348
0.01382192352521383
0.01496680254914578
0.016119618770859746
0.01730670794609986
0.018526506761651906
0.01964886337763405
0.020819528122731915
0.02196020686895555
0.02313737930192283
0.024343631063459596
0.02553157350971314
0.02666504390370792
0.027753627628340948
0.028893970543079326
0.02995035730825295
0.031057916072131375
0.03209002693422971
0.033123369638531686
0.03415772704027493
0.03512558187283419
0.03610040422212927
0.03796848520334931
0.03977038149944262
0.04147159992621389
0.04296825631341598
0.04441140550281156
0.04577789879352404
0.04854673684421023
0.05106964307562322
0.05347953490420396
0.055747593399107336
0.06074873576656325
0.0656868335839206
0.07059889244877257
0.07523248367788067