  0.50000000000000000       0.22022508882649325        657126.77634181199        657126.99656690087       -44848.029204495106     
  0.52613636363636362       0.29818112205719149        298234.88979159150        298235.18797271355       -20113.140876826154     
  0.55227272727272725       0.35183682149817630        139587.08033869474        139587.43217551624       -9295.5247513076101     
  0.57840909090909087       0.39037488387875197        67155.404369951764        67155.794744835643       -4411.8779586452629     
  0.60454545454545450       0.41899345572906144        33112.264121355387        33112.683114811109       -2143.6817479105039     
  0.63068181818181812       0.44082341932018815        16688.364053645757        16688.804877065075       -1063.1800389670741     
  0.65681818181818175       0.45784602112215333        8576.2217729071872        8576.6796189283104       -536.69698254412367     
  0.68295454545454548       0.47136660211237341        4483.8191071836682        4484.2904737857798       -274.96519479306147     
  0.70909090909090911       0.48227455246021778        2379.7562988107843        2380.2385733632445       -142.52836766508938     
  0.73522727272727273       0.49119332108893532        1279.4974218072073        1279.9886151282963       -74.474690570379778     
  0.76136363636363635       0.49857071742902953        695.44483389608479        695.94340461351385       -39.041348020283991     
  0.78749999999999998       0.50473526531312396        381.30393011283434        381.80866537814745       -20.390277517227677     
  0.81363636363636360       0.50993248270118374        210.41312799902823        210.92306048172941       -10.489093385864887     
  0.83977272727272723       0.51434888079241536        116.56349252856333        117.07784140935574       -5.2020180891105587     
  0.86590909090909096       0.51812822364062439        64.631760568145054        65.149888791785685       -2.3709402360892438     
  0.89204545454545459       0.52138278050338527        35.736577391346344        36.257960171849732      -0.85656809625399344     
  0.91818181818181821       0.52420126211019724        19.607197358283639        20.131398620393835       -5.1511449037248788E-002
  0.94431818181818183       0.52665451445377420        10.598460519519348        11.125115033973124       0.37063948285132031     
  0.97045454545454546       0.52879966728838612        5.5798155120144690        6.1086151793028547       0.58634396132160382     
  0.99659090909090908       0.53068319943956543        2.8023313497348212        3.3330145491743872       0.69134905303295791     
   1.0227272727272727       0.53234323295608432        1.2833155130244500        1.8156587459805344       0.73766020082602268     
   1.0488636363636363       0.53381127039658360       0.46845026663623385        1.0022615370328174       0.75346065623203051     
   1.0750000000000000       0.53511352471805917        4.4500631283734250E-002  0.57961415600179345       0.75392471469610201     
   1.1011363636363636       0.53627194751374463      -0.16539266125827320       0.37087928625547140       0.74712224634487390     
   1.1272727272727272       0.53730503140562580      -0.26067790034038119       0.27662713106524461       0.73725593176054982     
   1.1534090909090908       0.53822844159716832      -0.29679795527797753       0.24143048631919078       0.72643954148333434     
   1.1795454545454545       0.53905551695203946      -0.30420351114096350       0.23485200581107593       0.71567413857814322     
   1.2056818181818181       0.53979767053382854      -0.29920808329097465       0.24058958724285387       0.70538185577962875     
   1.2318181818181819       0.54046471202491464      -0.29019323113376566       0.25027148089114892       0.69569531269688911     
   1.2579545454545453       0.54106510896781523      -0.28115247439772639       0.25991263457008879       0.68661222950127576     
   1.2840909090909092       0.54160619974501989      -0.27370782636849367       0.26789837337652622       0.67807600182250072     
   1.3102272727272726       0.54209436822299373      -0.26824878077062259       0.27384558745237109       0.67001596560728449     
   1.3363636363636364       0.54253518774618514      -0.26456758892827448       0.27796759881791072       0.66236604311982061     
   1.3625000000000000       0.54293354047520692      -0.26220641728164573       0.28072712319356113       0.65507207892223029     
   1.3886363636363637       0.54329371677576921      -0.26064082596639754       0.28265289080937162       0.64809350071893512     
   1.4147727272727273       0.54361949837763723      -0.25937132442422417       0.28424817395341306       0.64140233907647848     
   1.4409090909090909       0.54391422826055358      -0.25796424035061361       0.28594998790993997       0.63498120005812708     
   1.4670454545454545       0.54418086963154977      -0.25606544547433774       0.28811542415721203       0.62882099485898535     
   1.4931818181818182       0.54442205589464066      -0.25340023552759244       0.29102182036704821       0.62291880366847130     
   1.5193181818181818       0.54464013314925019      -0.24976674757296943       0.29487338557628073       0.61727602586844355     
   1.5454545454545454       0.54483719646520412      -0.24502690527696863       0.29981029118823549       0.61189685460039034     
   1.5715909090909090       0.54501512095255777      -0.23909695644570908       0.30591816450684867       0.60678705986057591     
   1.5977272727272727       0.54517558846097225      -0.23193859083738164       0.31323699762359064       0.60195304226439694     
   1.6238636363636363       0.54532011059582741      -0.22355103978514784       0.32176907081067951       0.59740111380967997     
   1.6499999999999999       0.54545004861914337      -0.21396425226069851       0.33148579635844483       0.59313696385173698     
   1.6761363636363635       0.54556663070677469      -0.20323309231459435       0.34233353839218028       0.58916527356162518     
   1.7022727272727272       0.54567096695464368      -0.19143243951364119       0.35423852744100248       0.58548944806554193     
   1.7284090909090908       0.54576406246240494      -0.17865305642247012       0.36711100603993480       0.58211144115616653     
   1.7545454545454544       0.54584682877007085      -0.16499809235323135       0.38084873641683947       0.57903165246729893     
   1.7806818181818180       0.54592009387954921      -0.15058010779589831       0.39533998608365090       0.57624888118193884     
   1.8068181818181819       0.54598461105698581      -0.13551852231569952       0.41046608874128632       0.57376032372983521     
   1.8329545454545455       0.54604106658186757      -0.11993740680190583       0.42610365977996173       0.57156160561879032     
   1.8590909090909089       0.54609008658389702      -0.10396355719020960       0.44212652939368741       0.56964683964939899     
   1.8852272727272725       0.54613224308780350       -8.7724800593598967E-002  0.45840744249420451       0.56800870439680629     
   1.9113636363636364       0.54616805936876867       -7.1348496123455549E-002  0.47481956324531310       0.56663853810383580     
   1.9375000000000000       0.54619801470644436       -5.4960201771485119E-002  0.49123781293495922       0.56552644409985930     
   1.9636363636363636       0.54622254861313702       -3.8682485858691516E-002  0.50754006275444552       0.56466140460588643     
   1.9897727272727270       0.54624206460123881       -2.2633867062080450E-002  0.52360819753915833       0.56403140036145016     
   2.0159090909090907       0.54625693354608496       -6.9278712041699565E-003  0.53932906234191502       0.56362353395436970     
   2.0420454545454545       0.54626749669285146        8.3278039013871923E-003  0.55459530059423856       0.56342415508220800     
   2.0681818181818183       0.54627406834964609        2.3032021989998302E-002  0.56930609033964441       0.56341898624865927     
   2.0943181818181822       0.54627693830343216        3.7090845109362877E-002  0.58336778341279505       0.56359324761764862     
   2.1204545454545451       0.54627637399069695        5.0418077349810797E-002  0.59669445134050769       0.56393177992660148     
   2.1465909090909090       0.54627262245071229        6.2935718585270015E-002  0.60920834103598231       0.56441916450857255     
   2.1727272727272728       0.54626591208574260        7.4574330865940869E-002  0.62084024295168350       0.56503983959854609     
   2.1988636363636367       0.54625645424953817        8.5273319924759325E-002  0.63152977417429756       0.56577821220795432     
   2.2250000000000001       0.54624444468284661        9.4981134245293072E-002  0.64122557892813958       0.56661876494762997     
   2.2511363636363635       0.54623006481241387       0.10365538424267130       0.64988544905508516       0.56754615726603641     
   2.2772727272727273       0.54621348292798555       0.11126288429514684       0.65747636722313241       0.56854532064899188     
   2.3034090909090912       0.54619485525011802       0.11777962060348063       0.66397447585359859       0.56960154740079383     
   2.3295454545454546       0.54617432690011780       0.12319064812619294       0.66936497502631076       0.57070057269575980     
   2.3556818181818180       0.54615203278213187       0.12748992012334076       0.67364195290547269       0.57182864965450941     
   2.3818181818181818       0.54612809838628118       0.13068005412619563       0.67680815251247672       0.57297261726127580     
   2.4079545454545452       0.54610264052072566       0.13277203842434820       0.67887467894507392       0.57411996099750151     
   2.4340909090909091       0.54607576797968904       0.13378488341710368       0.67986065139679264       0.57525886612305832     
   2.4602272727272725       0.54604758215369464       0.13374522240623582       0.67979280455993041       0.57637826358976019     
   2.4863636363636363       0.54601817758759352       0.13268686660748133       0.67870504419507482       0.57746786862235455     
   2.5124999999999997       0.54598764249136977       0.13065031932508236       0.67663796181645208       0.57851821204988996     
   2.5386363636363636       0.54595605920818013       0.12768225436479472       0.67363831357297488       0.57952066451517992     
   2.5647727272727274       0.54592350464362327       0.12383496385450461       0.66975846849812792       0.58046745373192465     
   2.5909090909090908       0.54589005065981966       0.11916578069711471       0.66505583135693436       0.58135167499786200     
   2.6170454545454547       0.54585576443751649       0.11373648089745816       0.65959224533497474       0.58216729520798949     
   2.6431818181818181       0.54582070880911093       0.10761267098402665       0.65343337979313754       0.58290915064437210     
   2.6693181818181819       0.54578494256519261       0.10086316568802076       0.64664810825321328       0.58357293884827721     
   2.6954545454545453       0.54574852073695268        9.3559360947861964E-002  0.63930788168481467       0.58415520490631512     
   2.7215909090909092       0.54571149485657211        8.5774607178352114E-002  0.63148610203492417       0.58465332250485491     
   2.7477272727272726       0.54567391319750325        7.7583587581973049E-002  0.62325750077947628       0.58506547012631327     
   2.7738636363636360       0.54563582099637131        6.9061706087442845E-002  0.61469752708381420       0.58539060277685739     
   2.7999999999999998       0.54559726065805891        6.0284489279907212E-002  0.60588174993796606       0.58562841964781454     
   2.8261363636363637       0.54555827194539308        5.1327006440483991E-002  0.59688527838587702       0.58577932812253319     
   2.8522727272727271       0.54551889215471738        4.2263311542946470E-002  0.58778220369766387       0.58584440454681108     
   2.8784090909090909       0.54547915627851806        3.3165910764835133E-002  0.57864506704335317       0.58582535218424492     
   2.9045454545454543       0.54543909715616268        2.4105258762068080E-002  0.56954435591823083       0.58572445677819274     
   2.9306818181818182       0.54539874561371959        1.5149286633033974E-002  0.56054803224675365       0.58554454013948876     
   2.9568181818181816       0.54535813059373028        6.3629641631299579E-003  0.55172109475686015       0.58528891217381707     
   2.9829545454545454       0.54531727927574247       -2.1921014033581599E-003  0.54312517787238435       0.58496132175484106     
   3.0090909090909088       0.54527621718832742       -1.0458028167330047E-002  0.53481818902099731       0.58456590683896748     
   3.0352272727272727       0.54523496831325202       -1.8380982411685804E-002  0.52685398590156618       0.58410714420517573     
   3.0613636363636361       0.54519355518241330       -2.5911460281633034E-002  0.51928209490078026       0.58358979918881704     
   3.0874999999999995       0.54515199896809152       -3.3004527471005407E-002  0.51214747149708606       0.58301887576188627     
