  0.50000000000000000       0.40403519916984121       -1.7614429692684938E-002  0.38642076947715620       0.51239607206536619     
  0.52613636363636362       0.43322960787985876        2.9524179363683456E-002  0.46275378724354221       0.51057007954274081     
  0.55227272727272725       0.45478998957487249        7.4801263353644565E-002  0.52959125292851705       0.51174645755901094     
  0.57840909090909087       0.47114941607972971       0.11773755294877493       0.58888696902850457       0.51529765099913749     
  0.60454545454545450       0.48384097087686812       0.15789699353756731       0.64173796441443542       0.52071289482796634     
  0.63068181818181812       0.49387081275770461       0.19489055089537263       0.68876136365307716       0.52756925389319342     
  0.65681818181818175       0.50192205392080735       0.22837933528313012       0.73030138920393750       0.53551115078681188     
  0.68295454545454548       0.50847197505763964       0.25807702862531628       0.76654900368295587       0.54423593400888293     
  0.70909090909090911       0.51386234745991821       0.28375160820426681       0.79761395566418503       0.55348362393994843     
  0.73522727272727273       0.51834318192504447       0.30522636889141352       0.82356955081645800       0.56302953447839954     
  0.76136363636363635       0.52210081240294626       0.32238025422029959       0.84448106662324585       0.57267888142290224     
  0.78749999999999998       0.52527642344492897       0.33514751450255120       0.86042393794748007       0.58226277220824574     
  0.81363636363636360       0.52797857108799284       0.34351671761466868       0.87149528870266146       0.59163516212313028     
  0.83977272727272723       0.53029182728226376       0.34752914496724696       0.87782097224951061       0.60067048999120576     
  0.86590909090909096       0.53228286311596551       0.34727661144449501       0.87955947456046057       0.60926179272095404     
  0.89204545454545459       0.53400480386610116       0.34289875371543321       0.87690355758153427       0.61731915720987529     
  0.91818181818181821       0.53550039565294383       0.33457983622337212       0.87008023187631589       0.62476840900336572     
  0.94431818181818183       0.53680434073262073       0.32254512832146204       0.85934946905408283       0.63154996583078571     
  0.97045454545454546       0.53794504203798954       0.30705690941361158       0.84500195145160106       0.63761780457742445     
  0.99659090909090908       0.53894592190168589       0.28841016156616178       0.82735608346784772       0.64293850498052341     
   1.0227272727272727       0.53982642979578954       0.26692801087052731       0.80675444066631674       0.64749034408160711     
   1.0488636363636363       0.54060282019405304       0.24295697986431924       0.78355980005837222       0.65126242338831575     
   1.0750000000000000       0.54128875860211079       0.21686211357125734       0.75815087217336807       0.65425381659111359     
   1.1011363636363636       0.54189579780792674       0.18902204122024704       0.73091783902817387       0.65647273009307294     
   1.1272727272727272       0.54243375516553938       0.15982403448142438       0.70225778964696384       0.65793567192917446     
   1.1534090909090908       0.54291101372933603       0.12965912114944850       0.67257013487878436       0.65866662714789725     
   1.1795454545454545       0.54333476430229377        9.8917310656492702E-002  0.64225207495878645       0.65869623959810275     
   1.2056818181818181       0.54371120127677519        6.7982984660098889E-002  0.61169418593687408       0.65806100145055602     
   1.2318181818181819       0.54404568207221615        3.7230502280534594E-002  0.58127618435275075       0.65680245279086147     
   1.2579545454545453       0.54434285769438351        7.0200654192939934E-003  0.55136292311367752       0.65496639432741677     
   1.2840909090909092       0.54460678023548803       -2.2306114960630549E-002  0.52230066527485752       0.65260211672377755     
   1.3102272727272726       0.54484099184804924       -5.0427315603870301E-002  0.49441367624417892       0.64976165033547717     
   1.3363636363636364       0.54504859874742606       -7.7047429955811278E-002  0.46800116879161480       0.64649903924292318     
   1.3625000000000000       0.54523233304892860      -0.10189770391924716       0.44333462912968141       0.64286964345335784     
   1.3886363636363637       0.54539460466774414      -0.12473905841017625       0.42065554625756796       0.63892947301953429     
   1.4147727272727273       0.54553754506141316      -0.14536398430599301       0.40017356075542010       0.63473455761023989     
   1.4409090909090909       0.54566304424418532      -0.16359800093040389       0.38206504331378138       0.63034035478467354     
   1.4670454545454545       0.54577278222716730      -0.17930067469803918       0.36647210752912812       0.62580119988306548     
   1.4931818181818182       0.54586825582047671      -0.19236619988506221       0.35350205593541445       0.62116980006233546     
   1.5193181818181818       0.54595080156058895      -0.20272354864081760       0.34322725291977141       0.61649677458885932     
   1.5454545454545454       0.54602161538783800      -0.21033620225468480       0.33568541313315320       0.61183024306041822     
   1.5715909090909090       0.54608176958805854      -0.21520148029147124       0.33088028929658725       0.60721546277484273     
   1.5977272727272727       0.54613222742283352      -0.21734948846277555       0.32878273896005800       0.60269451600170099     
   1.6238636363636363       0.54617385580028344      -0.21684170997119867       0.32933214582908471       0.59830604745271687     
   1.6499999999999999       0.54620743627928980      -0.21376926851533282       0.33243816776395696       0.59408505179291782     
   1.6761363636363635       0.54623367465180950      -0.20825089414845366       0.33798278050335578       0.59006271059354720     
   1.7022727272727272       0.54625320930835819      -0.20043062572129786       0.34582258358706036       0.58626627770474593     
   1.7284090909090908       0.54626661855912939      -0.19047528569400957       0.35579133286511982       0.58271901162541306     
   1.7545454545454544       0.54627442705628171      -0.17857176466528302       0.36770266239099869       0.57944015307354024     
   1.7806818181818180       0.54627711144055635      -0.16492415403507368       0.38135295740548270       0.57644494561604387     
   1.8068181818181819       0.54627510531678614      -0.14975076579413241       0.39652433952265376       0.57374469690557617     
   1.8329545454545455       0.54626880364731190      -0.13328107852789015       0.41298772511942178       0.57134687779530291     
   1.8590909090909089       0.54625856663930061      -0.11575264834825878       0.43050591829104184       0.56925525636295438     
   1.8852272727272725       0.54624472319101680       -9.7408022644133882E-002  0.44883670054688296       0.56747006367390840     
   1.9113636363636364       0.54622757395287891       -7.8491693293978579E-002  0.46773588065890032       0.56598818795039041     
   1.9375000000000000       0.54620739405133478       -5.9247124340284014E-002  0.48696026971105077       0.56480339369040478     
   1.9636363636363636       0.54618443551698104       -3.9913887118179392E-002  0.50627054839880159       0.56390656219562330     
   1.9897727272727270       0.54615892945274536       -2.0724933494588225E-002  0.52543399595815710       0.56328594992151149     
   2.0159090909090907       0.54613108797315213       -1.9040352483676360E-003  0.54422705272478444       0.56292746105459623     
   2.0420454545454545       0.54610110594162575        1.6336585253552700E-002  0.56243769119517839       0.56281493074954103     
   2.0681818181818183       0.54606916252926507        3.3798411011777246E-002  0.57986757354104235       0.56293041552097489     
   2.0943181818181822       0.54603542261554250        5.0298554156206189E-002  0.59633397677174871       0.56325448737981432     
   2.1204545454545451       0.54600003804878106        6.5671432055120146E-002  0.61167147010390110       0.56376652842887376     
   2.1465909090909090       0.54596314878204855        7.9770183755646054E-002  0.62573333253769459       0.56444502278538577     
   2.1727272727272728       0.54592488389817917        9.2467818215256306E-002  0.63839270211343546       0.56526784287598153     
   2.1988636363636367       0.54588536253597175       0.10365808924989871       0.64954345178587047       0.56621252734984406     
   2.2250000000000001       0.54584469472816577       0.11325609553960873       0.65910079026777446       0.56725654807520154     
   2.2511363636363635       0.54580298216054723       0.12119860735809200       0.66700158951863930       0.56837756391999794     
   2.2772727272727273       0.54576031886044085       0.12744412489200216       0.67320444375244304       0.56955365926638069     
   2.3034090909090912       0.54571679182189103       0.13197267605448434       0.67768946787637530       0.57076356546744655     
   2.3295454545454546       0.54567248157400139       0.13478536454496037       0.68045784611896176       0.57198686372039986     
   2.3556818181818180       0.54562746269817874       0.13590368153534602       0.68153114423352468       0.57320416809985453     
   2.3818181818181818       0.54558180429938163       0.13536859674765267       0.68095040104703430       0.57439728776546961     
   2.4079545454545452       0.54553557043591316       0.13323944680864949       0.67877501724456257       0.57554936762663311     
   2.4340909090909091       0.54548882051180803       0.12959264060716738       0.67508146111897549       0.57664500701073873     
   2.4602272727272725       0.54544160963542321       0.12452020292580387       0.66996181256122700       0.57767035613819662     
   2.4863636363636363       0.54539398894746260       0.11812817886224893       0.66352216780971163       0.57861319045432724     
   2.5124999999999997       0.54534600592131965       0.11053492249110043       0.65588092841242007       0.57946296310346623     
   2.5386363636363636       0.54529770463832949       0.10186929384357830       0.64716699848190784       0.58021083605207735     
   2.5647727272727274       0.54524912604025122        9.2268788602451093E-002  0.63751791464270235       0.58084969057360281     
   2.5909090909090908       0.54520030816106202        8.1877624928747533E-002  0.62707793308980952       0.58137411799675776     
   2.6170454545454547       0.54515128633994225        7.0844811564859167E-002  0.61599609790480137       0.58178039178965535     
   2.6431818181818181       0.54510209341713645        5.9322220808011139E-002  0.60442431422514764       0.58206642220359717     
   2.6693181818181819       0.54505275991421354        4.7462689134248399E-002  0.59251544904846187       0.58223169483173998     
   2.6954545454545453       0.54500331420009673        3.5418167194216102E-002  0.58042148139431282       0.58227719454868121     
   2.7215909090909092       0.54495378264410388        2.3337939618500694E-002  0.56829172226260449       0.58220531638699169     
   2.7477272727272726       0.54490418975712063        1.1366933584674213E-002  0.55627112334179485       0.58201976497581176     
   2.7738636363636360       0.54485455832191854       -3.5586656544673033E-004  0.54449869175647181       0.58172544421499950     
   2.7999999999999998       0.54480490951353966       -1.1698883185903100E-002  0.53310602632763648       0.58132833888637270     
   2.8261363636363637       0.54475526301058086       -2.2539274133716543E-002  0.52221598887686427       0.58083538991189920     
   2.8522727272727271       0.54470563709813336       -3.2764115033596539E-002  0.51194152206453680       0.58025436495804772     
   2.8784090909090909       0.54465604876306906       -4.2271425623063838E-002  0.50238462314000520       0.57959372605686643     
   2.9045454545454543       0.54460651378229341       -5.0971032957043541E-002  0.49363548082524983       0.57886249586879901     
   2.9306818181818182       0.54455704680454142       -5.8785266424067992E-002  0.48577178038047347       0.57807012415102821     
   2.9568181818181816       0.54450766142622886       -6.5649481689775843E-002  0.47885817973645306       0.57722635591959515     
   2.9829545454545454       0.54445837026183797       -7.1512412811973097E-002  0.47294595744986484       0.57634110270514349     
   3.0090909090909088       0.54440918500926405       -7.6336353840890270E-002  0.46807283116837373       0.57542431820239026     
   3.0352272727272727       0.54436011651052096       -8.0097173205723113E-002  0.46426294330479784       0.57448587950393704     
   3.0613636363636361       0.54431117480816682       -8.2784166073025287E-002  0.46152700873514152       0.57353547499140722     
   3.0874999999999995       0.54426236919777515       -8.4399751624922401E-002  0.45986261757285279       0.57258249983278464     
