  0.50000000000000000       0.19190578088606636       0.86587255053322953        1.0577783314192959       0.77203838086006216     
  0.52613636363636362       0.27825344059346241       0.80880132901155088        1.0870547696050132       0.81607168963272647     
  0.55227272727272725       0.33714241107287679       0.74812169656373040        1.0852641076366072       0.85147538951041912     
  0.57840909090909087       0.37914561814550662       0.68454978623309881        1.0636954043786053       0.87912400413251757     
  0.60454545454545450       0.41016780081234139       0.61877526671276040        1.0289430675251017       0.89981985449462076     
  0.63068181818181812       0.43372813623926287       0.55145809879952856       0.98518623503879155       0.91432947584973467     
  0.65681818181818175       0.45203484021064583       0.48322571292444749       0.93526055313509326       0.92338769306160939     
  0.68295454545454548       0.46653274053723714       0.41467060124716848       0.88120334178440551       0.92769412078767299     
  0.70909090909090911       0.47820058425847883       0.34634831521876580       0.82454889947724463       0.92790878865459658     
  0.73522727272727273       0.48772110086069925       0.27877585716613867       0.76649695802683804       0.92464856685796859     
  0.76136363636363635       0.49558262020742883       0.21243045233324823       0.70801307254067714       0.91848466388623184     
  0.78749999999999998       0.50214208812450978       0.14774868593037363       0.64989077405488338       0.90994111181715476     
  0.81363636363636360       0.50766541325018921        8.5125988090973381E-002  0.59279140134116259       0.89949409653894574     
  0.83977272727272723       0.51235402919040252        2.4916448213740360E-002  0.53727047740414280       0.88757200662848601     
  0.86590909090909096       0.51636281493210190       -3.2567061029519867E-002  0.48379575390258200       0.87455610072474654     
  0.89204545454545459       0.51981245022354905       -8.7052470717110544E-002  0.43275997950643846       0.86078171304506801     
  0.91818181818181821       0.52279810072372057      -0.13830783519389478       0.38449026552982579       0.84653992855869908     
  0.94431818181818183       0.52539563037336778      -0.18614040610405108       0.33925522426931670       0.83207966520398469     
  0.97045454545454546       0.52766611545651421      -0.23039548332882540       0.29727063212768878       0.81761010271633516     
  0.99659090909090908       0.52965917181097899      -0.27095506539828612       0.25870410641269287       0.80330339795526051     
   1.0227272727272727       0.53141543940269065      -0.30773632195152023       0.22367911745117042       0.78929762634923906     
   1.0488636363636363       0.53296845994658759      -0.34068991066151300       0.19227854928507460       0.77569988902494669     
   1.0750000000000000       0.53434611150769717      -0.36979816073073979       0.16454795077695736       0.76258952582380368     
   1.1011363636363636       0.53557171577113194      -0.39507314461322651       0.14049857115790543       0.75002137597171936     
   1.1272727272727272       0.53666490071907724      -0.41655465904078481       0.12011024167829243       0.73802903073738213     
   1.1534090909090908       0.53764227862140990      -0.43430813573759652       0.10333414288381335       0.72662802596581433     
   1.1795454545454545       0.53851798321445565      -0.44842250141080908        9.0095481803646515E-002  0.71581892681476411     
   1.2056818181818181       0.53930409854443329      -0.45900800571759970        8.0296092826833587E-002  0.70559026221703813     
   1.2318181818181819       0.54001100375496158      -0.46619403494353107        7.3816968811430461E-002  0.69592127238292412     
   1.2579545454545453       0.54064765213895438      -0.47012692809496626        7.0520724043988139E-002  0.68678443887254370     
   1.2840909090909092       0.54122179839944906      -0.47096781102154028        7.0253987377908764E-002  0.67814777323520825     
   1.3102272727272726       0.54174018482025332      -0.46889046305458260        7.2849721765670672E-002  0.66997684676291436     
   1.3363636363636364       0.54220869462144705      -0.46407922948488833        7.8129465136558759E-002  0.66223655037919360     
   1.3625000000000000       0.54263247894532940      -0.45672699201884015        8.5905486926489263E-002  0.65489257993714522     
   1.3886363636363637       0.54301606252784962      -0.44703320815553765        9.5982854372311938E-002  0.64791264810262750     
   1.4147727272727273       0.54336343204568704      -0.43520202922875062       0.10816140281693642       0.64126742943948079     
   1.4409090909090909       0.54367811030794477      -0.42144050566496088       0.12223760464298385       0.63493125020207031     
   1.4670454545454545       0.54396321882388476      -0.40595688683076880       0.13800633199311590       0.62888253860529886     
   1.4931818181818182       0.54422153078002777      -0.38895902168705720       0.15526250909297060       0.62310405493265819     
   1.5193181818181818       0.54445551606845344      -0.37065286534049358       0.17380265072795983       0.61758292372773338     
   1.5454545454545454       0.54466737969865053      -0.35124109549151600       0.19342628420713456       0.61231049248169034     
   1.5715909090909090       0.54485909467929028      -0.33092184172745587       0.21393725295183441       0.60728204268409924     
   1.5977272727272727       0.54503243025975767      -0.30988752960497001       0.23514490065478766       0.60249637986866711     
   1.6238636363636363       0.54518897626347507      -0.28832384051170323       0.25686513575177183       0.59795532939507701     
   1.6499999999999999       0.54533016411773827      -0.26640878739683727       0.27892137672090095       0.59366316421158660     
   1.6761363636363635       0.54545728508160496      -0.24431190561693339       0.30114537946467157       0.58962598979909941     
   1.7022727272727272       0.54557150608938787      -0.22219355735966254       0.32337794872972531       0.58585110997294210     
   1.7284090909090908       0.54567388355865931      -0.20020434738555995       0.34546953617309939       0.58234639528643617     
   1.7545454545454544       0.54576537545533255      -0.17848464716806067       0.36728072828727187       0.57911967351718208     
   1.7806818181818180       0.54584685186197723      -0.15716422391561136       0.38868262794636593       0.57617815920112614     
   1.8068181818181819       0.54591910425714330      -0.13636197042678891       0.40955713383035436       0.57352793648914169     
   1.8329545454545455       0.54598285368163124      -0.11618573125992412       0.42979712242170709       0.57117350681208579     
   1.8590909090909089       0.54603875794111734       -9.6732220292032725E-002  0.44930653764908463       0.56911741002560168     
   1.8852272727272725       0.54608741797240712       -7.8087024396818278E-002  0.46800039357558887       0.56735992493269993     
   1.9113636363636364       0.54612938348200402       -6.0324687686696701E-002  0.48580469579530733       0.56589885241157423     
   1.9375000000000000       0.54616515795009746       -4.3508870537371812E-002  0.50265628741272561       0.56472938186217680     
   1.9636363636363636       0.54619520307989566       -2.7692577443394813E-002  0.51850262563650085       0.56384403937390248     
   1.9897727272727270       0.54621994276111552       -1.2918447636979061E-002  0.53330149512413649       0.56323271394606556     
   2.0159090909090907       0.54623976660700480        7.8089766254097370E-004  0.54702066426954576       0.56288275629186535     
   2.0420454545454545       0.54625503311625323        1.3382457517536982E-002  0.55963749063379020       0.56277914324574518     
   2.0681818181818183       0.54626607250430914        2.4872409179016432E-002  0.57113848168332548       0.56290469958558509     
   2.0943181818181822       0.54627318924278689        3.5245627679903656E-002  0.58151881692269047       0.56324036817906054     
   2.1204545454545451       0.54627666434063860        4.4505173052253641E-002  0.59078183739289214       0.56376551876426662     
   2.1465909090909090       0.54627675739647374        5.2661750959449048E-002  0.59893850835592277       0.56445828536795029     
   2.1727272727272728       0.54627370844771417        5.9733152355404058E-002  0.60600686080311816       0.56529592233401227     
   2.1988636363636367       0.54626773963908126        6.5743677574692003E-002  0.61201141721377328       0.56625516915852925     
   2.2250000000000001       0.54625905673016051        7.0723550023632856E-002  0.61698260675379346       0.56731261477950468     
   2.2511363636363635       0.54624785045940505        7.4708324386114952E-002  0.62095617484551990       0.56844505262037981     
   2.2772727272727273       0.54623429777986043        7.7738293982551304E-002  0.62397259176241171       0.56962981850428407     
   2.3034090909090912       0.54621856298010696        7.9857901629089359E-002  0.62607646460919630       0.57084510450777193     
   2.3295454545454546       0.54620079870233162        8.1115158040154803E-002  0.62731595674248630       0.57207024287451846     
   2.3556818181818180       0.54618114686808927        8.1561071503604005E-002  0.62774221837169319       0.57328595522759040     
   2.3818181818181818       0.54615973952110208        8.1249092237103859E-002  0.62740883175820594       0.57447456347089698     
   2.4079545454545452       0.54613669959540634        8.0234574509594384E-002  0.62637127410500071       0.57562015992555948     
   2.4340909090909091       0.54611214161623511        7.8574259285437556E-002  0.62468640090167271       0.57670873537672795     
   2.4602272727272725       0.54608617234021406        7.6325779823571388E-002  0.62241195216378542       0.57772826478527495     
   2.4863636363636363       0.54605889134074048        7.3547192341950701E-002  0.61960608368269121       0.57866875142446239     
   2.5124999999999997       0.54603039154378263        7.0296533540905148E-002  0.61632692508468767       0.57952223111524581     
   2.5386363636363636       0.54600075971879103        6.6631406469706320E-002  0.61263216618849736       0.58028273904026162     
   2.5647727272727274       0.54597007692891419        6.2608595920391003E-002  0.60857867284930522       0.58094624230433678     
   2.5909090909090908       0.54593841894428730        5.8283714243317145E-002  0.60422213318760443       0.58151054197097785     
   2.6170454545454547       0.54590585662176616        5.3710878201451512E-002  0.59961673482321765       0.58197514873576772     
   2.6431818181818181       0.54587245625415171        4.8942417216227899E-002  0.59481487347037953       0.58234113669841658     
   2.6693181818181819       0.54583827989163036        4.4028613108027428E-002  0.58986689299965778       0.58261097986807464     
   2.6954545454545453       0.54580338563789965        3.9017471199821220E-002  0.58482085683772089       0.58278837608701239     
   2.7215909090909092       0.54576782792319634        3.3954522433964407E-002  0.57972235035716069       0.58287806299400302     
   2.7477272727272726       0.54573165775623689        2.8882655950140723E-002  0.57461431370637761       0.58288563048099695     
   2.7738636363636360       0.54569492295688093        2.3841981387379665E-002  0.56953690434426052       0.58281733383690271     
   2.7999999999999998       0.54565766837116114        1.8869720005209204E-002  0.56452738837637040       0.58267991143379205     
   2.8261363636363637       0.54561993607016779        1.4000123568426295E-002  0.55962005963859407       0.58248041040780052     
   2.8522727272727271       0.54558176553413262        9.2644198066917649E-003  0.55484618534082442       0.58222602333401829     
   2.8784090909090909       0.54554319382294214        4.6907831440119400E-003  0.55023397696695409       0.58192393840648471     
   2.9045454545454543       0.54550425573418615        3.0432929390232814E-004  0.54580858502808838       0.58158120512546008     
   2.9306818181818182       0.54546498394976095       -3.8728677667031002E-003  0.54159211618305780       0.58120461697824288     
   2.9568181818181816       0.54542540917194116       -7.8217379984273291E-003  0.53760367117351382       0.58080061208986933     
   2.9829545454545454       0.54538556024976548       -1.1526158280105819E-002  0.53385940196965964       0.58037519232785084     
   3.0090909090909088       0.54534546429649766       -1.4972877810201022E-002  0.53037258648629659       0.57993386088108612     
   3.0352272727272727       0.54530514679886455       -1.8151427592148012E-002  0.52715371920671650       0.57948157790618993     
   3.0613636363636361       0.54526463171870831       -2.1054015675434159E-002  0.52421061604327412       0.57902273345204402     
   3.0874999999999995       0.54522394158763665       -2.3675409820218516E-002  0.52154853176741811       0.57856113654107555     
