 DOF, binmin, Energy, (Pval,Perr)[1->5], Chi, P-Value, Converged [0=yes]
          49          25  0.72499999999999998       -5.6388550370788231        7.7511349244414718E-002   3.2830788453512136        5.7538511545357933E-002   6.2899208175080163        2.4350401585939010E-004  -7.9889019105541352E-003   2.8869774856841600E-004  0.22518066469599174        1.0091871373611665E-002   145.53578980768532        1.6518460543661033E-009           0
          48          26  0.75000000000000000      -0.33569259141052166       0.72031199274250512        2.9622740204044633       0.22695571981730361        7.2146409124498527       0.46966723065898902       -1.1108831237715786       0.55942462525242220       0.22988943679685597        1.6475758315701593E-002   132.69955479380110        7.1510629416075701E-008           0
          47          27  0.77499999999999991       0.88832874512350402       0.44795425797737987        2.3452718886975590       0.27926977201370418        7.8528846025017289       0.23073364076560088       -1.8928307259336186       0.28169965648109480       0.25194472911567767        1.6409949575183495E-002   126.01868385508004        3.7937125730781150E-007           0
          46          28  0.79999999999999993        2.1268193975472944       0.31954852222907404        1.4965869400215766       0.23103824506854048        8.1521152199606011        9.9362331885763988E-002  -2.3310707415537597       0.11780649865438834       0.28691219948098018        1.3855749662815466E-002   112.14217472584065        1.9010487116496712E-005           0
          45          29  0.82499999999999996        2.4959765450732032       0.26875678647599871        1.2347994370676398       0.19481937679430417        8.1512571041841149        9.2869186154644082E-002  -2.3773040055224293        9.6119742119377641E-002  0.29938467787301482        1.2296403025006730E-002   102.52025152007192        2.2279360525145233E-004           0
          44          30  0.84999999999999998        2.7328124765422586       0.24465268829834275        1.0737338818234174       0.17625951150771660        8.1015989097451993        9.7445409054753004E-002  -2.3700379108148724        9.1028205956299027E-002  0.30745815791678105        1.1447377980435500E-002   90.819862679599609        4.2350585106612076E-003           0
          43          31  0.87500000000000000        2.9163871228336369       0.23112581663105483       0.94831449116582822       0.16502310721650260        8.0556159674280678       0.10387630052257769       -2.3582495110651291        8.9971198493980581E-002  0.31410326510198211        1.0858931483428973E-002   84.830925839980253        1.4784751837418135E-002           0
          42          32  0.89999999999999991        3.1239456870060018       0.22224655572036453       0.80870741211035302       0.15622047970282046        7.9951890196726145       0.11315491653061882       -2.3374074578332347        9.1323148074530208E-002  0.32188756980169159        1.0304078039206981E-002   79.287691234596522        4.4312723235870911E-002           0
          41          33  0.92499999999999993        3.4812745839323438       0.20967174845460410       0.57320662583104731       0.14270593476453733        7.8735166048164578       0.12792754934073711       -2.2915447195087189        9.5030493714396355E-002  0.33610651523973434        9.1255915028172017E-003   67.102800138380047       0.62055602235055285                0
          40          34  0.94999999999999996        3.6171462301311088       0.21339245081398286       0.48656797285149256       0.14258969352672102        7.7982074331836690       0.13844726838900812       -2.2540499336853004        9.8513782732792973E-002  0.34150074070979808        8.9345067886103455E-003   64.130168001862472       0.90769862763074860                0
          39          35  0.97499999999999998        3.6965527718366760       0.22354664646352088       0.43588968186174804       0.14745725259037692        7.7452318978083641       0.15065929233488812       -2.2266591953370050       0.10293756416982881       0.34475636566530243        9.1719778205424044E-003   63.267503713307605       0.82914316107142882                0
          38          36   1.0000000000000000        3.7816160122215035       0.23082860194598073       0.38247512976070586       0.15030027202481216        7.6711415559531417       0.16614697390881333       -2.1895714382117366       0.10849197682918207       0.34856381452241658        9.3898348387486917E-003   62.071791315998205       0.81455331071502557                0
          37          37   1.0249999999999999        3.6869969296124885       0.24318211596911818       0.43922555887863307       0.15873862565998928        7.7853909014651190       0.18370409353319334       -2.2498518590084111       0.11640169783312460       0.34413791709644564        1.0132928766265804E-002   60.371801588091451       0.89699380175166565                0
          36          38   1.0500000000000000        3.7182946617638075       0.24880994522990713       0.42052116146656426       0.16128284563868356        7.7374330524455752       0.20516417140349782       -2.2248488129962505       0.12574423036346899       0.34580281776623806        1.0541015047985233E-002   60.074067811168248       0.71453985894883021                0
          35          39   1.0750000000000000        3.8640227444872925       0.25518183761930074       0.33059290449755435       0.16231133768386036        7.5276207893917455       0.23142316496023868       -2.1178162667651090       0.13646001396708476       0.35386647758617862        1.1020404119819870E-002   55.039602656257408        1.6805892078777405                0
          34          40   1.0999999999999999        3.7682879860538208       0.26004891678733266       0.38780558479804711       0.16673200935293048        7.7028633822135104       0.25018869004938848       -2.2094666666560845       0.14579219707401875       0.34807686327174975        1.1406255154352224E-002   52.796087904078981        2.0890551564706863                0
          33          41   1.1250000000000000        3.7359124605832634       0.26444776442064333       0.40728260485280476       0.16962915409650967        7.7750731169776248       0.27466917961331655       -2.2472498400718095       0.15766564977953779       0.34597167270876750        1.1763809689314706E-002   52.471962288292303        1.6994708196792812                0
          32          42   1.1499999999999999        3.8437749179858547       0.27229920311298189       0.33684384074652413       0.17287758379947063        7.5796461581133743       0.30636351114159688       -2.1479359037780270       0.17105079768847600       0.35280401424522295        1.2860247363090303E-002   49.551456158465434        2.4613348682825569                0
          31          43   1.1750000000000000        3.7855226418184702       0.26880021382658198       0.37512869608938931       0.17184859273114678        7.7783771406806359       0.31871885035993591       -2.2507122970070630       0.17805694369803263       0.34748244160377462        1.2411667533883687E-002   47.393116240521280        3.0061209274500054                0
          30          44   1.2000000000000000        3.6919669221576177       0.27641516336954597       0.43555114445208687       0.17767798749966551        8.0220094668402329       0.35548005256739768       -2.3769456028959612       0.19731180302460180       0.34082678786372289        1.2516736972536033E-002   45.969331628907483        3.1284182386755082                0
          29          45   1.2249999999999999        3.6417997802334598       0.27783379447976092       0.46783586120673892       0.17840840873940844        8.2110326292457660       0.35991066885201378       -2.4748344620547029       0.20035047791886171       0.33663807430010567        1.2020278022041565E-002   44.041572735706580        3.6369776736037371                0
          28          46   1.2500000000000000        3.6140443707001095       0.28649950763679771       0.48669499779803937       0.18437737225480347        8.2940249968725226       0.40120791354655666       -2.5164192319607546       0.21929650219089164       0.33464546500403525        1.2564219260464948E-002   43.873025214862068        2.8599697923718566                0
          27          47   1.2749999999999999        3.4984742198673717       0.30468016275516230       0.56378943311473395       0.19463247098754552        8.7058644259287732       0.43083759164031438       -2.7284898493784495       0.23585373109422880       0.32654231073206197        1.1891924151010955E-002   41.274433559315973        3.8750624123511810                0
          26          48   1.3000000000000000        3.4843742989096596       0.30938139970819295       0.57273814497804143       0.19649788218237496        8.8609519657899778       0.43609402524980567       -2.8086410937573829       0.23870011604651520       0.32420681874793372        1.1587846843007765E-002   40.114070508816233        3.8018133077762446                0
          25          49   1.3250000000000000        3.4491299181874799       0.32001649826874329       0.59632631350690302       0.20217538200588361        9.0399195713284151       0.46566289989763815       -2.8999423679665721       0.25318184579072472       0.32140746658450797        1.1528209698281297E-002   39.417526000688511        3.3439527956844772                0
          24          50   1.3499999999999999        3.3882502442807065       0.33780069645858507       0.63707460141546268       0.21150006243121774        9.3540306721101469       0.46766628984521669       -3.0649786215851957       0.25571304409617340       0.31703805723306022        1.1008657692460649E-002   36.264240334093813        5.1729812093284044                0
          23          51   1.3750000000000000        3.3971539684330221       0.33425190722580067       0.63050323266225716       0.21026657504895396        9.2476047930087386       0.53373477273062564       -3.0102450847966074       0.28757261993520478       0.31839128216292473        1.1686113029274520E-002   36.069381973292629        4.0585558434086071                0
          22          52   1.3999999999999999        3.3968548977254542       0.33482876429801833       0.63076744125425310       0.21085511009805621        9.2515483834527892       0.58005345782795237       -3.0122275357478636       0.30922375100220423       0.31833850988503343        1.2068393907712274E-002   36.069114002680649        2.9852373261524838                0
          21          53   1.4250000000000000        3.3601570137841299       0.35622340104061717       0.66087724767296818       0.22037726456415280        9.7607972731651671       0.58526161314123426       -3.2753142149506385       0.31362065410317169       0.31237595350252534        1.1054547393661662E-002   33.044615105764770        4.5724739196134374                0
          20          54   1.4500000000000000        3.3276985191864665       0.39889712936678151       0.69408534485913265       0.24140742767737761        10.425493582978611       0.62659999953428447       -3.6119550790120631       0.33394731222765672       0.30589140669887782        1.0356777734935508E-002   29.856921003635037        7.2205462181028048                0
          19          55   1.4749999999999999        3.3162470322846747       0.41406439382985299       0.70430997910338822       0.24916529182506553        10.638198838407419       0.69880942957084380       -3.7196802771172015       0.36893865106316692       0.30401367325441947        1.0478342354962927E-002   29.514032137981388        5.8318054703226911                0
          18          56   1.5000000000000000        3.3146607504001451       0.41432299757985308       0.70465474659896621       0.24891438013460065        10.614443594592611       0.80530029826055116       -3.7078349381908731       0.41903016425637440       0.30421438339167312        1.1056557998681996E-002   29.510879114394971        4.2481930976250855                0
          17          57   1.5249999999999999        3.3716138293369213       0.43500078482450921       0.68006951546827155       0.25720007064598976        10.921876340175231       0.85709713778256691       -3.8590595602894151       0.44163051940969256       0.30186022881140218        1.0857600442567762E-002   28.952970536607921        3.4962233859687526                0
          16          58   1.5500000000000000        3.4991753826058454       0.49696123631533201       0.62554351726340696       0.28618577447989640        11.861956917423731       0.88750103240947942       -4.3189284977893125       0.45301024071442547       0.29489087734757752        1.0230336287331561E-002   24.515161183860226        7.8841094172008974                0
          15          59   1.5750000000000000        3.4934857180967258       0.47431233493850838       0.62403293776905833       0.27490498176995171        11.523413327209701       0.95375659127223478       -4.1526036892276164       0.48422250612109580       0.29751617146343784        1.0830801536069223E-002   23.438547205926334        7.5262173926170490                0
          14          60   1.5999999999999999        3.4970525438998621       0.48009532328706245       0.62288811582737647       0.27681236084636496        11.547019305586096        1.0152742679854612       -4.1640005294149960       0.51229733551177403       0.29732288834748200        1.1195271464476422E-002   23.434605335462219        5.3555259197340623                0
          13          61   1.6250000000000000        3.4670511661351520       0.50141098137583862       0.63543593906728824       0.28288671654199948        11.459018203129949        1.1020743284097825       -4.1222927612860669       0.55112433925660798       0.29805807482559693        1.1891181461582192E-002   23.397283683812883        3.7148585508647871                0
          12          62   1.6499999999999999        3.3508400606386797       0.54361823916449836       0.68110770610261906       0.29252193828300432        11.147313455825213        1.2503700074261490       -3.9716910273013042       0.62200456720036357       0.30063243531032419        1.3399868638890781E-002   23.115949058719195        2.6757545160468061                0
          11          63   1.6750000000000000        3.3457351263385857       0.58432353022445738       0.68317024577473706       0.30500065734772075        11.137878365764781        1.3191995618618135       -3.9671295616352724       0.65466904047737118       0.30071805651050681        1.3962515086745621E-002   23.115434910491491        1.7024117465006201                0
          10          64   1.7000000000000000        3.6542164572157114       0.61552052167497850       0.55591839865401893       0.31794755087170568        11.701056996951330        1.3867272069571710       -4.2315551411663916       0.67985621149852193       0.29569835813699158        1.3465389855268085E-002   21.937912127294300        1.5424042285655026                0
           9          65   1.7500000000000000        3.7621079522631220       0.70986905087194363       0.51019014286251418       0.35134372174137252        11.813990442747977        1.4516965566426008       -4.2833648819156327       0.70714912045599942       0.29455663240843877        1.3906785677795595E-002   21.861986481479942       0.93268239764405270                0
