 DOF, binmin, Energy, (Pval,Perr)[1->5], Chi, P-Value, Converged [0=yes]
          21          53   1.4250000000000000        3.1998073222944519       0.34119571382733782       0.73815905641774204       0.21599023263619679      -0.29950930186560054       0.60923289802502079        3.2400509907093658       0.32801186940049065       0.33067902539599853        1.5498224269009962E-002   33.215156730102400        4.3885135262633437                0
          20          54   1.4500000000000000        3.1713258267670885       0.38369042615416699       0.77044303653076052       0.23606362006309611        4.1194788134127291       0.62654951249248403       -3.5862474513206819       0.33563714029209768       0.32217391346931235        1.3852048586261580E-002   29.910985258086129        7.1308914822559855                0
          19          55   1.4749999999999999        3.1608263623878354       0.40007392330662805       0.78056765942702744       0.24428100630161775        10.628184635956769       0.69722527724789929       -3.7013183349955412       0.37018058222479255       0.31968001253859935        1.3821180364705716E-002   29.526506541893628        5.8142100524964890                0
          18          56   1.5000000000000000        3.1600918103744240       0.40121758601552715       0.78074425169047867       0.24437914847352063        10.617982887364308       0.80195879405024884       -3.6961937953378023       0.41985399455728095       0.31978674804924789        1.4466046832462304E-002   29.525924154611033        4.2318435299229833                0
          17          57   1.5249999999999999        3.2198830716894711       0.42310689123182582       0.75465202652898578       0.25309982168752942        10.936837754520978       0.85181014855215820       -3.8541756073267992       0.44165188211994777       0.31680551636919074        1.4027268808710790E-002   28.926337713947113        3.5211407881788963                0
          16          58   1.5500000000000000        3.3574362696267785       0.48694677925363511       0.69440854113312089       0.28275113161149201        11.905291971700766       0.87793860916397293       -4.3315972594495218       0.45090414436842674       0.30822484403974160        1.2864923476924129E-002   24.259882412426496        8.3980044543202510                0
          15          59   1.5750000000000000        3.3489621339911828       0.46517153474818862       0.69474007482061728       0.27195754623020446        11.580389534338359       0.94559534786279864       -4.1708558413242445       0.48316509554911807       0.31124788047383578        1.3659113021915284E-002   23.262165841151337        7.8730007275126495                0
          14          60   1.5999999999999999        3.3551021654227173       0.47219469036105233       0.69269249207905104       0.27448082844787086        11.620259924187305        1.0069923742537461       -4.1902379350565484       0.51134556089254202       0.31085691386330128        1.4037814694004159E-002   23.250971667394431        5.6306530604655265                0
          13          61   1.6250000000000000        3.3321437103471414       0.49443278082732317       0.70242438720534961       0.28114423806761651        11.552650924455818        1.0936614175839547       -4.1579810487329603       0.55025452397758368       0.31152973750590196        1.4822913885896965E-002   23.229138210638673        3.9007302768812311                0
          12          62   1.6499999999999999        3.2264454964397502       0.53567480368049303       0.74430056301322767       0.29075718142828982        11.262132245787829        1.2433000742939346       -4.0168830944960190       0.62196549767950038       0.31438143193764345        1.6620988855570413E-002   22.990944078697204        2.7802922537789114                0
          11          63   1.6750000000000000        3.2302682242678378       0.58069892997738826       0.74274677714409787       0.30392876796065960       -1.8446978966075618        1.4571840242991785        4.0204529118187899       0.72699897838096150       0.31430322828561330        1.8345653545567660E-002   22.990653693569531        1.7728848795634709                0
          10          64   1.7000000000000000        3.5468023337593659       0.61010178286546446       0.61140627067347930       0.31685440855672575       -2.4437635698821274        1.5423543711292158        4.3032058671971356       0.75975086889075627       0.30802798379191165        1.7495254459258123E-002   21.721975239558379        1.6585334769867757                0
           9          65   1.7500000000000000        3.6707048491229890       0.70465435664383058       0.55869224226945202       0.35028394614236052       -2.5800294980307141        1.5946713480139141        4.3660502082666302       0.78004520413309519       0.30644374965545212        1.7819578370920471E-002   21.619744980095099        1.0165479078398314                0
