 DOF, binmin, Energy, (Pval,Perr)[1->5], Chi, P-Value, Converged [0=yes]
          32          40   1.0999999999999999        3.4743682012496384       0.31995421297386234       0.60233336929687831       0.19074320278525039       -3.3878769926990224E-002  0.18913145022601827        3.0837302008941152       0.12411399432754192        11.091692040807647        5.3796921995651266        12.749575456584411        2.2420761315422064       0.33526460483257187        1.1593550223620854E-002   43.675302766457961        8.1755849149827036                3
          31          41   1.1250000000000000        3.3181200538887521       0.33649316891763587       0.68676451233669333       0.20197144998125682      -0.38064408728567106       0.16016343869292488        3.2688392681088558       0.11495203309723945        27.351084318965786        13.838341446743188        15.593816286069318        2.5283427932993732       0.32905411861548300        1.1374272409023329E-002   38.874027736682159        15.644879051433863                3
          30          42   1.1499999999999999        3.3801453722859507       0.33188256082105688       0.64801737223138678       0.20021092729158660      -0.20129222847810058       0.33215343837491068        3.1757911766759546       0.18826880919990455        18.038127116557440        13.993081642991669        14.607221645686186        2.7583552604178330       0.33240709400073593        1.2643643748912260E-002   38.227737538713157        14.398950781650393                3
          29          43   1.1750000000000000        3.3801474662219144       0.35866987973176873       0.65427765683056061       0.21232848657848849      -0.48967699525080854       0.30510302033784892        3.3234713040055897       0.17686237073649863        31.257638377822758        27.282649646789487        15.315235215413608        3.0913402279378897       0.32848401379140008        1.1877050424169741E-002   36.970547553342918        14.697904893129133                3
          28          44   1.2000000000000000        3.3823625500345096       0.37185392541567919       0.65627286869669843       0.21846132450019703      -0.58965641620962894       0.37124930004800377        3.3749199471729630       0.20808740784714816        36.213864642256979        34.638596451706164        15.367382513525369        3.1887487126630161       0.32707609211320926        1.2111067662853773E-002   36.838041853495390        12.247542395765867                3
          27          45   1.2249999999999999        3.4330988730266760       0.34273474577236579       0.63664106310046553       0.19548143734846690      -0.95261338458540668       0.32006106614324015        3.5604336746892820       0.18771528437618915        69.568731548303788        67.606805279413976        15.948991886329100        3.1420501303374095       0.32272489323852166        4.6789167253934319E-003   35.318010277374796        13.099186688057477                3
          26          46   1.2500000000000000        3.4407626658681680       0.36755829340971152       0.63461339993007571       0.20778064382680891       -1.0336019955755547       0.42883073418185619        3.6012612844321406       0.23782762906841876        80.804465726042508        89.974564584318742        16.111926231623002        3.1889032527794914       0.32178713665460662        6.1507821205336443E-003   35.269795054751150        10.593741158829076                3
          25          47   1.2749999999999999        3.4619975497505888       0.43778844574373815       0.63340161581681087       0.24757715718300527       -1.3309951157389759       0.46390454865835223        3.7518230461303403       0.25295241864180906        123.84015106162202        168.89055337001579        16.348650506801544        3.7191031996328494       0.31842863005415456        1.1274407600694196E-002   34.721102067735949        9.3371483616927815                3
          24          48   1.3000000000000000        3.5189513408981381       0.45949682947272069       0.60975103643403694       0.25622664185300875       -1.5824983817991112       0.45611146475925951        3.8769125142213396       0.24827323342732635        191.11563024345870        273.92606666135072        16.719781186727811        3.7916532655359205       0.31578137714955823        1.0888504083988343E-002   34.285897320238618        7.9714679604082805                3
          23          49   1.3250000000000000        3.5389754357036556       0.47158275365500713       0.60364493048901868       0.26122928470646023       -1.7337003696242665       0.56934509765791952        3.9516769367135387       0.29962088612998405        242.56396848056275        394.84003426665021        16.925603999057920        4.0172175241303671       0.31420322926496269        1.1312291183282815E-002   34.176643585012641        6.2646789963201135                3
          22          50   1.3499999999999999        3.4421857971956547       0.50965316525617965       0.67128959495192231       0.28353170092832519       -2.6438382337994648       0.28901312940291113        4.4090859335766428       0.18153836293143283        3755.2286270258910        5797.2605878286431        22.300184380091199        4.2400273672122903       0.30603710851938926        9.6877935326314425E-003   29.160655588161525        14.033089272727761                3
          21          51   1.3750000000000000        3.3633168833806857       0.52866127378772398       0.71347935084748504       0.29472003199429314       -2.8579596977790924       0.39637596931193203        4.5179979863219577       0.22886556027677893        9356.2043948814426        19376.315748655121        24.368235876312578        5.3071903710744213       0.30420614883699865        9.9378126758320699E-003   28.891417946461385        11.663286204106484                3
          20          52   1.3999999999999999        3.4022574684276918       0.49944535915254501       0.68449278386239709       0.28091962969245260       -2.4155784153473761       0.99463173735909771        4.2997762005258915       0.50183344340449620        3855.5365124484592        8289.1286478012862        23.068680790388058        5.0279832842893324       0.30815692507427661        1.3360955203294360E-002   28.598806556169411        9.5964805068106429                3
          19          53   1.4250000000000000        3.3782509059582151       0.51357561244129624       0.69435561489080189       0.28416561718742128       -2.3432245715649445        1.1326392950136444        4.2646442107012854       0.56789758903771970        4771.1240725654770        13221.639910677293        23.875517265050583        8.4042436433408660       0.30884813558031327        1.4553795454494100E-002   28.589530839518510        7.2721721584344756                3
          18          54   1.4500000000000000        3.4869723538606268       0.61746261163501048       0.65173480752960411       0.31711190335089207       -2.5775375155559463        1.4977125635124757        4.3774858006833748       0.73906037077915077        1071.5950626407580        3504.9530607234237        19.253055616120811        8.2787572505844125       0.30644080295472270        1.7034543714275929E-002   28.368045940418696        5.6670732661083258                3
          17          55   1.4749999999999999        3.4626845319150279       0.58441611844631869       0.66014320286234662       0.30755691805116103       -2.5479552672491250        1.4270436633902619        4.3628653028320761       0.70721987794041496        2260.0494239482960        9365.9758575536707        21.184997544118865        10.827829483741187       0.30686725096696832        1.6439273783605816E-002   28.318241020842585        4.1354297813229053                3
          16          56   1.5000000000000000        3.3888264182351846       0.45768299939145896       0.68375163192458066       0.25299828216479314       -2.4150832335619339       0.83990242547649419        4.2977485824478201       0.43878482162107202        2741148.9339098437        32118707.613342773        38.367233653701199        27.350773248879737       0.30856552278342003        3.5546643611297432E-003   27.231245026947995        3.8983361863351758                3
          15          57   1.5249999999999999        3.3597014374739467       0.49069964353884854       0.69457563221626561       0.28441149664266652       -2.5150165583097874        1.8273090990727539        4.3486131314586922       0.90811345041138725        1.1081147767433836E+018   1.9114309414193938E+018   99.999866885872208        74.669297186904871       0.30785594686285944        1.8746431090501666E-002   25.201594912916867        4.7300678698370806                3
          14          58   1.5500000000000000        3.3279753938305139       0.37697692028743224       0.70267715343823178       0.21953731116342037       -2.0698233645505040       0.68188250288370311        4.1294569570733142       0.35844502193299138       -2.6410492020264033E+018   1.4142128552668460        99.999014566170246        68.213341372182910       0.31209404647864453        6.4704793295343394E-003   23.340351712653728        5.4952069167772066                3
          13          59   1.5750000000000000        3.3548024107442682       0.43123878785964154       0.69256877028252750       0.25168730759492758       -2.1838173216864378       0.78636610247750727        4.1845251877868899       0.40256452140727977        6.9604627506429222E+017   1.4142128552668460        99.931551280170083        69.568236388228712       0.31096877006788409        1.2515126835336716E-002   23.258711093333140        3.8674391813807247                3
          12          60   1.5999999999999999        3.2935796732514091       0.48185586241507178       0.71823197725146615       0.26624722737779849       -2.0276379086642522       0.92063191107728004        4.1097426568204112       0.46133275563848880       -58210040407601.891        1.4142128552668460        73.534219423515083        7.4917713428009662       0.31252269332462446        1.3874472697838787E-002   23.189035403619521        2.6163292894605590                3
          11          61   1.6250000000000000        3.2162982400717897       0.45872164774763896       0.74866693339534163       0.25872269425473826       -1.8320093027922786       0.89030495930762443        4.0144388011331422       0.44890776055041171       -1.2189682750846219E+020   1.4142128552668460        99.997806035213102        69.132928595395171       0.31446837884526424        1.3970148915661812E-002   23.050189500713891        1.7389262152586484                3
          10          62   1.6499999999999999        3.4409711306178070       0.58265796250236424       0.65551512126669442       0.29698545873240967       -2.1832929761417206       0.99198621757403727        4.1824518993718316       0.49091541516087600        293627593.18793029        1.4142128552668460        43.247710971240330        4.0021201476836126       0.31059283505331170        1.4416887396112060E-002   22.773432785309197        1.1614486260119090                3
           9          63   1.6750000000000000        3.6245962829879770       0.62020006667457073       0.57836588351881835       0.32032700388120733       -2.5285217547116736        1.5507706787467999        4.3424284088913572       0.76225440583981563        8.1731802978357378E+021   9.3471923412949019E+021   99.971963311845130        73.952537492244744       0.30704188779790276        1.7387835401828772E-002   21.676107648264292       0.99641585584443726                3
           8          64   1.7000000000000000        3.6356528131504451       0.71452203892740807       0.57359865152222234       0.35297508420703527       -2.5374548707371782        1.6132436002396473        4.3464695580319566       0.78974543243650319        8.1731802978357378E+021   6.8659922703908172E+021   99.687010880163015        77.964078967835775       0.30692709035880023        1.8096214812536732E-002   21.675133096879577       0.55545993182970665                3
           7          65   1.7500000000000000        1.3841335215813222        1.2380468806638054        1.5072823275264959       0.53023695393090242      -0.52900028045545056        2.1425446607595653        3.3826923348120270        1.0673911017169302       -9.4859019383653772E+023   1.1903590604739656E+024   98.671582002027975        2.2520706861689277       0.33509148902217456        3.3599730924294587E-002   15.514486123711990        2.9941757852956554                3
