 DOF, binmin, Energy, (Pval,Perr)[1->5], Chi, P-Value, Converged [0=yes]
          47          25  0.72499999999999998       -5.4604065176908785        2.3038621397182248E-002   3.2733768532034677        5.2413653079768592E-002   3.1342054774438002        7.0570685780590162E-005   8.7709211120674396E-003   6.8852929714535702E-005   8.7035952244963216E-002   2.7049552117342817E-002   1.0827233225080279        60.935431004961771       0.22983218989168289        2.7992975095439208E-002   144.66144216975673        7.0920841547550265E-010           2
          46          26  0.75000000000000000        4.2449761855485830       0.41178038794225152       0.24426945019677290       0.20578486449172459       0.97623589368823693        7.7964818727405683E-002   2.5634502974817317        7.8679364469325039E-002   1.7081500207144849       0.64651104293845929        4.7207650138859076       0.46551443227716716       0.32805629691781174        7.1469557681612299E-003   64.950639190092261        3.4165820615505251                3
          45          27  0.77499999999999991        4.1957250712619532       0.40550571848257988       0.26345926338051201       0.20450865383883735       0.97313260460254314        7.7805270082751204E-002   2.5657861725424973        7.8471670335836324E-002   1.6388930776210431       0.61167955008089070        4.8708063320784198       0.54455458493884734       0.32819898409545095        7.1993930444628988E-003   64.646925685955509        2.8922935177430782                3
          44          28  0.79999999999999993        3.4768916121702866       0.24513190148376643       0.80928797805351682       0.51023225687485885        1.2300223871559988       0.24069374444707334        2.2788309399406961       0.28839383775821659        1.5894590042905594        2.2102891263089699        4.0131749898900342        4.9128301880671774       0.29589803242933471        4.3773170840355528E-002   81.069812514803530        5.6136458531050738E-002           2
          43          29  0.82499999999999996        3.9872097692866828       0.36170099622217017       0.34614355473081149       0.19374581674572164       0.94259874437332147        7.7197465055657763E-002   2.5862622861232341        7.7586989665757930E-002   1.4209133685165170       0.45860187930188084        5.8540956690673882       0.87047986807552480       0.32864397916838117        7.4611196434879856E-003   62.299635531397513        2.8595034969208699                3
          42          30  0.84999999999999998        4.2360024402624505       0.38361173659862668       0.35162220652211013       0.21316571598801257        1.2875306644450493       0.13849312284626036        2.2708526796753521       0.12307181534012783        2.0051564719803312       0.57183090513588475        3.6568926127083290        1.1141107700530921       0.30871573182012912        1.4182881869712198E-002   77.026399096237995        7.8952203142980196E-002           1
          41          31  0.87500000000000000        3.9509536591786283       0.36028829601037365       0.36010949395483161       0.19301541329254812       0.92299665820367871        8.4937227209330876E-002   2.5979033952350954        8.0718245233806898E-002   1.4257344783611594       0.43190646099601276        6.1862610607126109        1.1679518802621942       0.32866357323126549        7.5129302566972296E-003   61.340086511114151        2.1369638650758982                3
          40          32  0.89999999999999991        3.8307474018689356       0.32812106871068836       0.40971384017062851       0.18412052894332162       0.84775260398871621        8.9468010409107818E-002   2.6422538194927645        8.2310276401651589E-002   1.5075274877396381       0.37024627881975058        7.4592506453377947        1.4454975388241227       0.32814717658018328        7.7338081882611133E-003   59.090600021552397        2.6293999913239081                3
          39          33  0.92499999999999993        4.8496307063895294        1.7136867680369707E-003  0.57462716494467936        1.7525265114415149E-004   1.5476280268648104        8.5974639421359253E-004   2.2924679472206919        1.0768478823148500E-003   2.9437884370257130        2.0116348894362482E-003   1.8324176568884631E-004   1.5226505218568498E-003  0.33591269350903641        1.7280431827781787E-003   67.111281393265216       0.33979151498481147                2
          38          34  0.94999999999999996        5.0722494902539772        8.3593917309304511E-007  0.27934037165838782        7.8784729352101627E-008   1.5592738410248910        2.8022521953901114E-008   2.2842214860283701       0.10885664389263151        2.6816335560824536        7.7506755393850714E-007  0.58195992153963760        1.6318389661762467E-005  0.33929158472506193        7.6097565702493464E-007   64.095684393726870       0.51018246311171711                2
          37          35  0.97499999999999998        5.1867366744856600        1.5664400523366820E-003  0.29469331518671305        1.5561317043261290E-003   1.6702049637281120        1.4435669610370976E-003   2.2053775750524540        2.3240311736123977E-003   2.9946540113865758        1.2163878772861194E-003  0.46977322742662864        62.815464483523755       0.34481697233232156        9.5660540662417915E-005   65.935659109433971       0.23806556532764128                2
          36          36   1.0000000000000000        5.4139687814725939        1.6322993363752794E-003   5.1975139045036811E-002   1.5880110316596450E-003   1.7471073360455152        1.7660019453003086E-003   2.1836782941559076        2.5301233607239277E-003   2.9975073320716970        1.2303895441675269E-003   1.0001121979115180        62.538153137007413       0.34860351795117639        9.3101542444029597E-005   75.681295783500914        1.2156410022956102E-002           2
          35          37   1.0249999999999999        5.3218693267051149        1.1336662013653598       0.43922392135679444       0.17035448984475940        1.6391590246205314       0.18428626221141983        2.2500087579677506       0.11670664297910935        4.1289000915930778        5.4478602212022498        1.0100269581814203E-005   4.6739697899883605       0.34413913274713215        1.0766801428410092E-002   60.371805987056980       0.48837942448118293                3
          34          38   1.0500000000000000        5.1105394780388282       0.24505094844026937       0.42045007774606891       0.12146348528602394        1.6873431949349176       0.17764352276661252        2.2248708880866803       0.11139463917044161        3.0234453620579287       0.99803428109236281        1.5603648761963740E-006   2.9704301896857577       0.34580698242976021        8.2990649891446899E-003   60.074068951475276       0.38020373116881667                2
          33          39   1.0750000000000000        5.2665571911789426        4.2942210163722377E-007  0.32950032250690897        1.8986372791038873E-008   1.8998305619066023        1.1237004676807997E-003   2.1164202865731454        2.7243143839099951E-006   3.0589738753860556        1.7631572196505589E-007   4.5970017769625393E-004   1.3017164818274196E-006  0.35393197721564934        1.1821126427729624E-004   54.891059362366775       0.97315942177395898                2
          32          40   1.0999999999999999       -8.8306290436039578        9.5375961334447049E-002  0.73973685352365715        7.9879723390665052E-003  -420.00732733485182        2.1297242272680450E-003  -1.9940429244674962        9.6961286991235893E-005 -0.99999653388893162        5.0488800607591769E-007   5.7967293354277416E-006   7.7797282505009946E-007  0.36651341045416524        3.6135405791977789E-003   52.630703400014838        1.2235721184954922                2
          31          41   1.1250000000000000        6.6783576749944018                            NaN  -1.1322796567519697                            NaN   744.80922397964275                            NaN   1.2631251812856303                            NaN   3.1597673684301446                            NaN   98.663659466101251                            NaN  0.41095391342599624                            NaN   240.09794674323095        3.5043430848589104E-032           2
          30          42   1.1499999999999999        4.2255560353127493        5.6645167637929539E-004  0.18900150907130447        5.3330180040853385E-004   14.201330266773926        1.7286631320834680        2.2439949963676709        7.8959348553983948E-003   3.0026328821469432        7.8444312904045325E-004   14.003340073288751       0.13544829948924364       0.35291873182303340        1.9308406285668578E-004   59.069410842445421       0.11916529992829147                2
          29          43   1.1750000000000000        3.5294132584025864       0.37373756161731314       0.58356777749388222       0.21800438366394226      -0.53395445518611784       0.31231758677477633        3.3623712437215487       0.18029470776519660        31.672250647015968        28.460728532101879        15.343896031256449        3.1650894129718603       0.31042888006661545        8.5752890936300827E-003   36.837945436586402        15.041483317639127                3
          28          44   1.2000000000000000        3.5312775601227013       0.38603639421294117       0.58545070122693510       0.22371569180853079      -0.62911510589569997       0.37961118556361084        3.4109057523330195       0.21155970165787197        36.326879305336277        35.463743837797018        15.370269182921342        3.2446988694766787       0.30939370802322608        8.8375510411458618E-003   36.721358401768768        12.513374801766709                3
          27          45   1.2249999999999999        3.5808159686923560       0.41911219222359575       0.56631503578467546       0.23774819370102293      -0.98892700129045941       0.33237142874523040        3.5930698281909677       0.19106949021020328        68.720079176462420        71.710571946522023        15.874582643042883        3.3649798026501010       0.30597240363854949        8.2830325576095792E-003   35.279428329145432        13.192794719023674                3
          26          46   1.2500000000000000        4.7590704360976908        1.2736676773512022E-002  0.50978884918469169        2.1727594844964640E-003  0.99903150046203115        4.5832567303899993E-003   2.5876873533020723        9.4876147115767143E-003   2.2939214987150844        3.1203710678675913E-002   2.9859079632393870E-002   5.4116312285096280E-002  0.33164814829141442        1.8285887713307407E-003   43.990888681464043        1.5150193330963468                2
          25          47   1.2749999999999999        3.6090516816621410       0.45035781844579997       0.56323194902375284       0.25200844354917706        4.9182130044956516       0.46783208630743017        3.7819360809318621       0.25370675535950143        120.64618746906554        163.62214670948865        16.223578178999425        3.6808627031447880       0.30261911515838574        8.4662925007138075E-003   34.716510781612421        9.3458627657739797                3
          24          48   1.3000000000000000        3.6606080699936108       0.19522539107074910       0.54242108911963194       0.10848661826234346        36.085008003648682       0.14452608221079521        3.9048483701889527        8.6269511077419064E-002   186.17668472271342        117.20238028975865        16.603783663535520        2.0819761861747494       0.30047425749032536        6.9117042779613244E-003   34.321537456364013        7.9114585070765848                2
          23          49   1.3250000000000000        3.6774638374306350       0.48300976945934820       0.53775005223649108       0.26527794739921001       -1.7536047597399078       0.59466851183986180        3.9733461315775491       0.30992304298928047        231.26400115726327        384.77520046521136        16.782592930306393        4.0604113474636492       0.29929685445505111        8.7854346087863199E-003   34.237380042427340        6.1802811819468992                3
          22          50   1.3499999999999999        4.5260365036933248       0.17201072785697760       0.63699073381608007       0.11572812114600921        7.0722096864102621E-002  0.30610649349245789        3.0649994510108320        4.9527961920726574E-002   2.1194848760729239       0.85822133533102041        3.9846597577053444E-006   97.278619553040969       0.31704125647454801        1.9150953059448920E-002   36.264237467482332        2.8443610916422499                2
          21          51   1.3750000000000000        3.3983674700820203       0.31679659934546545       0.62973725706552586       0.19953072098866975        12.745120847699770       0.49910554753060332        3.0094518752207291       0.26966200367141274       -896.20923422152066        1.4142128552668469        84.871207799704564        52.981264898992116       0.31843265931467296        1.1154574989941182E-002   36.069396080009362        2.1476006457651149                3
          20          52   1.3999999999999999       -8.5308820672751740        1.2983031232803757        9.1386391307032007       0.82706336370592748       -1.2688580978091957        1.7069402318090392        3.7534981697810994       0.84555458362848668        1.1338298673642740E-003   1.3785997160547898E-003  -17.313864650486494        1.5107869038284147       0.31728789388481204        1.8505291582240044E-002   26.525577663713957        14.914678162907357                3
          19          53   1.4250000000000000        3.4937441791171886       0.50147239771953356       0.63585297304308064       0.27966383493627051        10.346523885977723        1.1278145078480954        4.2141456659493013       0.56408298224722686        5399.7340242257224        16409.190204586383        24.600291589210808        9.5347562489247704       0.29608167895181542        1.1706910566161497E-002   28.767941042720992        6.9723999866807995                3
          18          54   1.4500000000000000       -7.6073777183213149        1.5841804879247148        8.3029634842210278       0.94122362967563700       -2.0607926062105850        2.5329739667922371        4.1416869549460547        1.2401785190396075        1.2989707489666359E-003   2.6628764162925618E-003  -15.898550604378686        1.7694779367041569       0.30962383677228983        2.4978649228429701E-002   26.351610388618020        9.1986033741142865                3
          17          55   1.4749999999999999       -8.8358442975554201        1.4913862163650662        9.2554587984629375        1.0182806271976066       -1.4548314460769829        2.8278951999878723        3.8440388061821302        1.4001839490752903        8.4010972705166650E-004   1.3448851677714958E-003  -17.623602261214778        1.8657383090174862       0.31589976233679634        2.7847074582718703E-002   26.169984902053418        7.1418768036127771                3
          16          56   1.5000000000000000       -13.322118821858766        1.4493392975575987        12.238789562873464       0.98116146678264815        18.592706933808710        2.5493581301953840        3.2514038119624287        1.2715235284595354        7.8860895089564412E-005   8.7117834306449054E-005  -23.443736911477885        1.9240601812304110       0.32549885136846862        2.3701837627695486E-002   25.059374472868072        6.8785561973399272                3
          15          57   1.5249999999999999        4.7352686522490046        4.9236525598608230E-004  0.37667946021958992        1.9303404319200228E-002  -1.6728944639950878        2.5234392330705812E-003   3.9457717569729005        1.0577079338226793E-003   2.3697929653938932       0.13340575888575099        1.1078004508080663        4.6150945736419527E-003  0.29982593248799788        1.5991413173279141E-004   29.120047619872874        1.5521468107576741                2
          14          58   1.5500000000000000       -2.9215923931504948        6.4813512394041446        13.722894837498441        1.3714326217419168        1.6827109370513227        2.5038724855927255        2.2926285667800119        1.2544953375407855        11.671696377738970        84.393286886542342       -26.019672904489482        2.6524106819137301       0.33457749035350742        2.1647124112219425E-002   22.516602395582652        6.8604345511227915                3
          13          59   1.5750000000000000        4.9438356542813819        1.3129674372347014E-004  0.30898726321077602        2.4610960668796779E-003  -2.2247215906817055        1.5697962424777261E-002   4.2135808115654170        5.2566413769437681E-003   2.7845707100622832        3.7853944216834990E-004   1.1866134136499815        1.8109431746293871E-003  0.29550528997562953        2.8250473261066003E-003   23.659016387087767        3.4415337515960958                2
          12          60   1.5999999999999999        5.0335151278505350        3.2802580981319204E-002  0.20837057078606447        1.9619888124790170E-002   2.8038160589881720        5.0514449173660916        4.8876086827443403        1.6291982733312317E-002   3.4521298487219747       0.10633956206478910        1.9911784006678235        7.2830725939445673E-002  0.29637339660492246        9.5253040900459308E-003   27.211742918650021       0.72025396605678360                2
          11          61   1.6250000000000000       -7.7807637750586496        3.7075559760221539        13.525373640724760        1.1487831940480064        1.6509020162257517        2.4699965038470686        2.3070948377542670        1.2341141666272646        7.6341110211844282E-002  0.30699403565396532       -25.672207306987939        2.2838238374261461       0.33489592173404759        2.1657940508104677E-002   21.600150622619221        2.7660483342781541                3
          10          62   1.6499999999999999        3.5349631116158968       0.69355310926150970       0.60539404620007142       0.34032417792091779       -2.0095396811815101        1.5950503162317899        4.1083665685769164       0.78375018394184748        277550881.40174282        199340015.83693996        43.428622478206528        5.4176609532592632       0.29794277503167371        1.5523721279451260E-002   22.954398151473988        1.0916159661167524                3
           9          63   1.6750000000000000        3.7131958950182127       0.52450322103168701       0.53097927034321479       0.27911361704003634       -2.3388901121008772       0.95727512662585101        4.2603500177872924       0.47177105826210408        7.2537209938892833E+024   1.4142128552668460        113.10587818724500        1.1009161539319046       0.29506696813429395        1.0835706921061365E-002   21.900674844608165       0.91991531921987268                3
           8          64   1.7000000000000000        3.6545484692873398        9.8921753442092874E-003  0.55574472738555791        5.2554713943510989E-003  -2.2764850613881253        8.9908037259910853E-003   4.2316160412951138        4.7241453927689379E-003   18.082088104038174        1061257.7311921788        27.908280230563680        1331.7243309475382       0.29569611218922154        7.2792750876188100E-004   21.937937670336616       0.50321442244834613                2
           7          65   1.7500000000000000        3.9834662938678629        6.0843891325037429       0.50479280238563817        6.0831328233823907       -2.3849811491746449        6.0914850525856794        4.2717690877021663        6.0839818439280506       0.42679124632496551        6.1409345393299537        1.0227037327766859        1.0000004999998737       0.29142718077416263        6.0816095947200166        22.081636751649732       0.24593760445493976                2
