 DOF, binmin, Energy, (Pval,Perr)[1->5], Chi, P-Value, Converged [0=yes]
          47          25  0.72499999999999998       -5.5373257431236835        2.4925736352050396E-002   3.2756221018364067        5.1086119894109154E-002   3.1347287196786113        6.5985824810279700E-005   8.1507999541220247E-003   6.5465121489467559E-005   8.4755829123828189E-002   2.9823425917888197E-002   1.1063863551084407        62.001152833138832       0.22914768287701531        2.7974293293243739E-002   144.66945429793401        7.0723699998702464E-010           0
          46          26  0.75000000000000000        4.2442608929206012       0.41155490354147622       0.24466449295220671       0.20571652455076772       0.97635946653044570        7.7961105397045011E-002   2.5633291006300247        7.8678003351175183E-002   1.7073937317547974       0.64585679903711890        4.7206927938057639       0.46536819012718533       0.32804340098651663        7.1486340816829322E-003   64.950631978439375        3.4165865963900450                0
          45          27  0.77499999999999991        4.1957848914163218       0.40533709516075628       0.26343278911365009       0.20442387505118423       0.97315485832748772        7.7804060343485068E-002   2.5657625592688196        7.8471718466371243E-002   1.6390068342143260       0.61148863894854344        4.8707112124811829       0.54444486883679133       0.32819758345261690        7.1990438789443899E-003   64.646925400351819        2.8922936741942551                0
          44          28  0.79999999999999993        4.3206324165973884        8.0887160455788785E-003  0.32420048079776542        7.1487656439614211E-003   1.2208845217775668        3.1444116091365252E-003   2.2803011373958371        1.0494174790133195E-002   2.4794656290042467        8.0692545358350395E-002   4.2725676254530276       0.62681196959079033       0.31706514944376746        7.1352821547668256E-004   85.612782424327193        1.7355087633932668E-002           0
          43          29  0.82499999999999996        3.9864612429223056       0.36145219168757398       0.34652732326045399       0.19364360882576723       0.94258821627374301        7.7184960254308890E-002   2.5862838837487026        7.7575328658334913E-002   1.4199956587681304       0.45805038464859488        5.8557421599936319       0.87077779118640297       0.32863793776414707        7.4618134482696942E-003   62.299630470636316        2.8595062906262729                0
          42          30  0.84999999999999998        5.4695762284676075        1.3648738016088888E-003   2.2272792534493269E-002   1.2646703096626597E-003   1.3167756364628607        2.1330170521576398E-004   2.2805082921656354        1.7502900631902157E-003   5.9182121515280652        2.6043009224481529E-003   2.6791272311493195        58.910723373837229       0.30761440010821839        9.2616307776026530E-005   79.890751034894080        3.7893279812113913E-002           0
          41          31  0.87500000000000000        3.4298167833297546        1.0540476314785128       0.70742893720462663        1.0486987060277539        1.2762636176895781        1.0201740138797084        2.3577888999990275        1.0418044005514180       0.59305214647508264        1.0000004999998737        3.6638183852908957        53.303235446234169       0.31248934477178747        1.0460224648384302        76.743750165764524        6.0151466103176926E-002           0
          40          32  0.89999999999999991        3.6576401802328840       0.21311363640545281       0.57553152605227553       0.11029797778180747        1.3228089064061344       0.91088659615931333        2.3585465877608556       0.45007487212420560       0.57823092567021739       0.92530112968904632        2.9813724662452801        8.8185773408338726       0.32035907377208173        1.1800263953828194E-002   74.943668813435409        6.7420674771076106E-002           0
          39          33  0.92499999999999993        5.1512418199889281       0.58501797365511110        8.1759814373456464E-003  0.78877278595770228        1.2230627488499692        1.0431598459703744        2.4268001928588823       0.46492355881043512        3.1847741543988990        1.8652616197921568        2.4222027509376796        6.2578051724183918       0.32561799557355925        1.4132827170671871E-002   65.553633833857944       0.49097507480341823                0
          38          34  0.94999999999999996        3.8098099272241557       0.32429172732971029       0.41963809202624791       0.18339505597264147       0.78454856757065905       0.14380131260754656        2.6751504678727129       0.10104443288785631        1.7271736319252440       0.57157799908954643        7.9962275409161006        1.8407274649852754       0.32725801615654393        7.9451881679355532E-003   58.780276062891687        1.6838499493069159                0
          37          35  0.97499999999999998        5.1035972176905329        2.1923994976017513       0.43588865110356972       0.15396549302107421        1.6802036449584505       0.15027383704289404        2.2266578790418010       0.10277312671954089        3.0861364913482165        9.1761034983466558        8.4459214066967547E-007   5.0329834301498568       0.34475606537588849        9.4929254106200858E-003   63.267503950463571       0.45626819792765416                0
          36          36   1.0000000000000000        5.4139224520074336        2.1991097982618548       0.38247626712359567       0.15646197563492301        1.7537495875453519       0.16081918696058653        2.1895737323636428       0.10859831502692613        4.1296587306011530        11.539164950067841        4.4697023859896490E-010   1.8165830241336278       0.34856375698396153        9.7207870070338317E-003   62.071791317848607       0.44430093762940726                0
          35          37   1.0249999999999999        4.7658271230319160        2.2144819741957664       0.43922464081939994       0.16585696083505533        1.6400929814658884       0.18576717375268989        2.2498500557333623       0.11674128821524543        1.9416689313185778        6.6889111978237299        1.7415069386572668E-009   5.0802715356196959       0.34413808843735461        1.0514488936150554E-002   60.371801593568527       0.48837994486798636                0
          34          38   1.0500000000000000        5.1545271049236714        2.2435179027800505       0.42052068420464245       0.16844112968608801        1.6882246263296408       0.20656629735499218        2.2248465048476858       0.12647165787353654        3.2082392472184553        9.6924137390742171        2.9846458637905471E-009   2.9522756595171060       0.34580283871242518        1.0943629392257600E-002   60.074067816591857       0.38020383854210221                0
          33          39   1.0750000000000000        4.5849058916888845        2.4371952174277793       0.33063477768097516       0.17050314681885079        1.8920873634191839       0.23033091063852765        2.1178434276399680       0.13880907785755173        1.0564737546264631        5.1505096076290622        9.6081287370708424E-008   2.0893933053696689       0.35386322692132494        1.1522128309517533E-002   55.039602814946562       0.93962309909192721                0
          32          40   1.0999999999999999        3.7422099631350259       0.26621086255505721       0.40365046505907121       0.17060794397950813        1.6646215050680997       0.28289428535966787        2.2393611233130835       0.16161730067422875        872.47991300032174        2143.1478100103850        99.999999984940686        92.717574775939624       0.34637969434284566        1.1944020867968322E-002   52.627796723485083        1.2244048949700728                0
          31          41   1.1250000000000000        3.4618885312075345       0.35817996996028373       0.61903828927797511       0.21079652399820539        200.62920974729965       0.16903093191137294        3.3121359894108524       0.12020966797656023        28.471732624290713        15.778085038770570        15.719646100741203        2.7703275004156707       0.31082658992385542        8.1415968180789493E-003   38.731254361960936        16.021974508479342                0
          30          42   1.1499999999999999        4.7506599635420841        3.7925804072522890E-004   8.5288728800764602E-002   3.6703741344529527E-004   440.80564162641565        1.4956977986199169        2.5884542458255861        3.5802340857343739E-003   3.3234690536948452        5.8406789745297887E-004   4.2064156058782167       0.17982863374698399       0.32829449395986154        1.3130730750134651E-004   63.465551574696121        3.4350230684761687E-002           0
          29          43   1.1750000000000000        3.7855266501915970       0.26025897136090637       0.37512549954188695       0.16653043173256188        1.6464173408072325       0.30930504786945734        2.2507041991877816       0.17326581014684325        3.0011934860744955        1.4138529306147039        93.425012508917419        80.567172426939393       0.34748257738063681        1.2041872599521358E-002   47.393099223252683        1.6974989972306294                0
          28          44   1.2000000000000000        3.5312235245797776       0.38621813645263287       0.58549265706386822       0.22381230803596661      -0.62911869613064286       0.38032509940685638        3.4109042112280772       0.21191477285009663        36.327629503702610        35.545823613710560        15.370207485999622        3.2505079128214014       0.30939279387935298        8.8414812583999716E-003   36.721358192429982        12.513375282773703                0
          27          45   1.2249999999999999        3.5807853093482196       0.41946918361752678       0.56633452126617756       0.23792042365500443      -0.98895156030890452       0.33390410010180233        3.5930764315439370       0.19180565930192287        68.734191131231199        72.141134871208209        15.875134265828178        3.3816559822061691       0.30597292385306907        8.2893724005554826E-003   35.279427899406087        13.192795764598579                0
          26          46   1.2500000000000000        5.0015547184343809        2.8764757504006764       0.48668917098678505       0.19311529399262470        1.1309493277348643       0.41440238726059020        2.5164170662750780       0.22660753419511759        3.0063990511795855        11.796594950665000        1.7636325733150215E-008   3.6119035274803979       0.33464580106441916        1.3078200402742478E-002   43.873025220706083        1.5598243871106432                0
          25          47   1.2749999999999999        4.5363636593380994        6.2223928580448719E-004   7.0752883749593404E-003   5.6502504927012198E-004   37.531864253043139        1.7883796869288533        3.2439837594828616        5.3130728014442220E-002   3.0059051099404210        9.5387294590368440E-004   7.4364383677857635        1.4084002595621259E-002  0.34006175639777692        3.1846712739229491E-004   54.560128413579129        5.6184794394165259E-002           0
          24          48   1.3000000000000000        3.4843756006968669       0.29558700326764414       0.57273951273187251       0.18799827169174435        19.413380234706256       0.41456905747303302        2.8086435417031628       0.22763062115842578        38.314531363487760        1.4142123835872153        97.274287716912326        77.993044763580073       0.32420708147246080        1.1153700953846853E-002   40.114070519340046        2.0791351098614226                0
          23          49   1.3250000000000000        3.6775189950672935       0.48307080306579903       0.53772398114188302       0.26530974655750611       -1.7536773149009859       0.59586826952589445        3.9733849825447192       0.31050296588802789        231.32452658585720        385.94278665511729        16.783072902314402        4.0702542552554313       0.29929738287551944        8.7899982601844229E-003   34.237379907550292        6.1802813682714541                0
          22          50   1.3499999999999999        4.7576511151444763        3.2397473952558502       0.63707678304458726       0.22332070607494361        7.0683623192869305E-002  0.48418045241151736        3.0649862047072598       0.26390206788171627        2.9330543391404529        13.098703184384217        5.1961812630452187E-008   8.2829109840673141       0.31703784660295309        1.1458042720498626E-002   36.264240341474576        2.8443590616290830                0
          21          51   1.3750000000000000        3.4829943101228111       0.54235154002519226       0.65709800122693274       0.29996085415873580       -2.8831915535201689       0.41575056714153208        4.5385159760408245       0.23738095780902549        9111.3906481066424        19892.486580300163        24.268235820937338        5.5703956789750340       0.29108646573606778        7.8239729747480325E-003   29.185102423171642        10.962797693627241                0
          20          52   1.3999999999999999       -8.5324391278273062        1.3012002319772649        9.1394475003010776       0.82716851397817837       -1.2697527430997357        1.7119620059242631        3.7539321722320733       0.84800642596164622        1.1327337123682858E-003   1.3831186471699045E-003  -17.315233134793896        1.5125819463850949       0.31727200020054752        1.8527093462112683E-002   26.525576696611481        14.914681103515731                0
          19          53   1.4250000000000000       -1.7211400447472620        4.9416996634806960       0.99619458616821632       0.75807872524003628        6.1401729459234113       0.87720950676006626        3.1807069899434097       0.44748146095493058      -0.99309091662432325        3.4566890945013889E-002   8.1713087760596596E-003   4.4347880933032428E-002  0.31599668050268198        1.6763404439631525E-002   32.962751426826060        2.4279044615748466                0
          18          54   1.4500000000000000       -7.6183721960652289        1.6366877047174524        8.3092841557288004       0.94117242268266055       -2.0640437730129806        2.6523153769990295        4.1432766173154540        1.2980784385612250        1.2896124411350479E-003   2.7905636187378394E-003  -15.911430939619423        1.8013220941953973       0.30959949378365942        2.5837355416505153E-002   26.351600254588192        9.1986250147453834                0
          17          55   1.4749999999999999       -8.8459430972238930        1.5050539817206252        9.2629233988108286        1.0194769092712330       -1.4508130534983130        2.8661345848687434        3.8420306176928931        1.4190501503083435        8.3647883185022931E-004   1.3621104672572354E-003  -17.637727683346196        1.8722198043105391       0.31593273539975003        2.8096063658058702E-002   26.169978679036994        7.1418877391020761                0
          16          56   1.5000000000000000       -2.7174267113268473        3.3934554466268270        1.2556637513801761       0.53622654082650678        17.986690846097684       0.97975707016758506        3.5483565808945006       0.50129146126563373      -0.99793141983944111        8.5432435436277251E-003   8.0104887399109481E-003   2.7583835913999634E-002  0.30936896826265164        1.4128761706763840E-002   29.344856677675963        2.1711828495055543                0
          15          57   1.5249999999999999       -23.551913340680446       0.44993117430911839        18.493558315406389       0.29635562898068180        3.9692117722915592        9.6247287100639969E-002   1.1527517288482663        4.8064026210400963E-002   4.6140331596157038E-007   2.1898275195517200E-007  -35.656004202615108       0.62717056212385702       0.33390112756589230        1.5217344193062999E-002   24.700069715105119        5.4119303403678192                0
          14          58   1.5500000000000000       -5.2872460618357566        5.7011522852423777        2.0256663613736721       0.69294704214424974      -0.95316818062394360        1.8403264363105187        3.6010987780278652       0.91433914381394765       -1.0022206561695091        1.3159938502976740E-002   7.6478365832798609E-003   4.4435393220160324E-002  0.31401026099725687        2.2827654705407444E-002   23.310630206944889        5.5399213636771805                0
          13          59   1.5750000000000000       -15.239609096226340        1.8264260285950373        13.466098813169568        1.0232868071135217       0.40348770251247285        3.1156037092000863        2.9245405353897533        1.5499355930444643        2.8365505506813570E-005   5.5506795927292309E-005  -25.843247357921946        2.0217702614539639       0.32894047545385169        2.4492885985920428E-002   21.212212684766705        6.8835968392687148                0
          12          60   1.5999999999999999        4.7489629975664531        3.2892702569437271E-002  0.37833688510020524        1.9673089188284178E-002   2.8338898910415811        5.0509725673971584        4.8676308338212877        1.6286959682974819E-002   3.4310851442803951       0.10451764645462766        1.9868408199270284        7.1681222769196945E-002  0.29689194734376728        9.5400175269140831E-003   27.969496230213529       0.55891699471074474                0
          11          61   1.6250000000000000       -2.6251192574979050        5.2127175995954085        13.618115995758449        1.2207860778404518        1.6979109155586638        2.5393727968494684        2.2837287494750487        1.2683650016900299        14.174245797030656        81.470761494769263       -25.856735091396576        2.3849695063137424       0.33499261102922201        2.1584975409707271E-002   21.600350974835923        2.7658737914067686                0
          10          62   1.6499999999999999        3.5343384455625424       0.69161994731614396       0.60560275042255918       0.33963848870888852       -2.0086107930173438        1.5950561342468279        4.1079090395689786       0.78379305203841521        331073958.97876620        202516727.61884856        43.780617327671315        5.3429740263189114       0.29795608782282273        1.5522042048449520E-002   22.954372769209186        1.0916254754564343                0
           9          63   1.6750000000000000        3.7112831119881613       0.65629144000865669       0.53173115286026418       0.33523724764141266       -2.3368918427812311        1.4522381551571326        4.2594330932052102       0.71101278006575941        1.7860078306092647E+025   2.9338930320167995E+026   114.84598880660182        32.851327288260855       0.29509157249292967        1.3665734632747761E-002   21.900355890740709       0.92001988806798307                0
           8          64   1.7000000000000000        3.6542147821158792       0.54740613751184675       0.55591897010537350       0.28625002047565057       -2.2762741861842191       0.97548737789811801        4.2315530004375157       0.47945116923324538        31.434295180080468        1.4142128552668460        49.029639953438064        1.4142128532466656       0.29569841672206770        1.1083434599476217E-002   21.937912127505928       0.50321926221657021                0
           7          65   1.7500000000000000       -9.7238908037197369        6.0566574974045118        4.4793906804093879       0.77434154179024417        3.1797712296141376        6.0756763545003274        1.5489716707886643        3.0287767085024315       -1.0504666701208583       0.20952339847017579        9.2330755937976364E-002  0.37518463253502066       0.34279008237321945        3.4638587334954368E-002   14.901365610744129        3.7284743928550941                0
