 DOF, binmin, Energy, (Pval,Perr)[1->5], Chi, P-Value, Converged [0=yes]
          29          43   1.1750000000000000        3.7855266501915970       0.26025897136090637       0.37512549954188695       0.16653043173256188        1.6464173408072325       0.30930504786945734        2.2507041991877816       0.17326581014684325        3.0011934860744955        1.4138529306147039        93.425012508917419        80.567172426939393       0.34748257738063681        1.2041872599521358E-002   47.393099223252683        1.6974989972306294                0
          28          44   1.2000000000000000        3.5312235245797776       0.38621813645263287       0.58549265706386822       0.22381230803596661      -0.62911869613064286       0.38032509940685638        3.4109042112280772       0.21191477285009663        36.327629503702610        35.545823613710560        15.370207485999622        3.2505079128214014       0.30939279387935298        8.8414812583999716E-003   36.721358192429982        12.513375282773703                0
          27          45   1.2249999999999999        3.5807853093482196       0.41946918361752678       0.56633452126617756       0.23792042365500443      -0.98895156030890452       0.33390410010180233        3.5930764315439370       0.19180565930192287        68.734191131231199        72.141134871208209        15.875134265828178        3.3816559822061691       0.30597292385306907        8.2893724005554826E-003   35.279427899406087        13.192795764598579                0
          26          46   1.2500000000000000        5.0015547184343809        2.8764757504006764       0.48668917098678505       0.19311529399262470        1.1309493277348643       0.41440238726059020        2.5164170662750780       0.22660753419511759        3.0063990511795855        11.796594950665000        1.7636325733150215E-008   3.6119035274803979       0.33464580106441916        1.3078200402742478E-002   43.873025220706083        1.5598243871106432                0
          25          47   1.2749999999999999        4.5363636593380994        6.2223928580448719E-004   7.0752883749593404E-003   5.6502504927012198E-004   37.531864253043139        1.7883796869288533        3.2439837594828616        5.3130728014442220E-002   3.0059051099404210        9.5387294590368440E-004   7.4364383677857635        1.4084002595621259E-002  0.34006175639777692        3.1846712739229491E-004   54.560128413579129        5.6184794394165259E-002           0
          24          48   1.3000000000000000        3.4843756006968669       0.29558700326764414       0.57273951273187251       0.18799827169174435        19.413380234706256       0.41456905747303302        2.8086435417031628       0.22763062115842578        38.314531363487760        1.4142123835872153        97.274287716912326        77.993044763580073       0.32420708147246080        1.1153700953846853E-002   40.114070519340046        2.0791351098614226                0
          23          49   1.3250000000000000        3.6775189950672935       0.48307080306579903       0.53772398114188302       0.26530974655750611       -1.7536773149009859       0.59586826952589445        3.9733849825447192       0.31050296588802789        231.32452658585720        385.94278665511729        16.783072902314402        4.0702542552554313       0.29929738287551944        8.7899982601844229E-003   34.237379907550292        6.1802813682714541                0
          22          50   1.3499999999999999        4.7576511151444763        3.2397473952558502       0.63707678304458726       0.22332070607494361        7.0683623192869305E-002  0.48418045241151736        3.0649862047072598       0.26390206788171627        2.9330543391404529        13.098703184384217        5.1961812630452187E-008   8.2829109840673141       0.31703784660295309        1.1458042720498626E-002   36.264240341474576        2.8443590616290830                0
          21          51   1.3750000000000000        3.4829943101228111       0.54235154002519226       0.65709800122693274       0.29996085415873580       -2.8831915535201689       0.41575056714153208        4.5385159760408245       0.23738095780902549        9111.3906481066424        19892.486580300163        24.268235820937338        5.5703956789750340       0.29108646573606778        7.8239729747480325E-003   29.185102423171642        10.962797693627241                0
          20          52   1.3999999999999999       -8.5324391278273062        1.3012002319772649        9.1394475003010776       0.82716851397817837       -1.2697527430997357        1.7119620059242631        3.7539321722320733       0.84800642596164622        1.1327337123682858E-003   1.3831186471699045E-003  -17.315233134793896        1.5125819463850949       0.31727200020054752        1.8527093462112683E-002   26.525576696611481        14.914681103515731                0
          19          53   1.4250000000000000       -3.3270828003730544       0.42213323365835287       0.99800011458940552       0.23522968332409552        6.1406910571544353       0.41896677375862751        3.1804397309444017       0.22074130828406746      -0.99861187466499379        6.6774824978344622E-004   1.6388072639542447E-003   1.7918223022457662E-003  0.31600945533830155        1.0773414086947441E-002   32.962317128622253        2.4281842577414703                0
          18          54   1.4500000000000000       -7.6183721960652289        1.6366877047174524        8.3092841557288004       0.94117242268266055       -2.0640437730129806        2.6523153769990295        4.1432766173154540        1.2980784385612250        1.2896124411350479E-003   2.7905636187378394E-003  -15.911430939619423        1.8013220941953973       0.30959949378365942        2.5837355416505153E-002   26.351600254588192        9.1986250147453834                0
          17          55   1.4749999999999999       -8.8459430972238930        1.5050539817206252        9.2629233988108286        1.0194769092712330       -1.4508130534983130        2.8661345848687434        3.8420306176928931        1.4190501503083435        8.3647883185022931E-004   1.3621104672572354E-003  -17.637727683346196        1.8722198043105391       0.31593273539975003        2.8096063658058702E-002   26.169978679036994        7.1418877391020761                0
          16          56   1.5000000000000000       -4.4491531953418306       0.54796014534390425        1.2575129115076922       0.24116522317902306        17.987147506271413       0.50313966456133430        3.5481386583360419       0.25958075809809705      -0.99963352951295426        3.6303798814651337E-004   1.4188734409663255E-003   1.1435907449769728E-003  0.30937770002601367        1.0631729144029612E-002   29.344486990633435        2.1714107545833685                0
          15          57   1.5249999999999999       -23.551913340680446       0.44993117430911839        18.493558315406389       0.29635562898068180        3.9692117722915592        9.6247287100639969E-002   1.1527517288482663        4.8064026210400963E-002   4.6140331596157038E-007   2.1898275195517200E-007  -35.656004202615108       0.62717056212385702       0.33390112756589230        1.5217344193062999E-002   24.700069715105119        5.4119303403678192                0
          14          58   1.5500000000000000       -6.8052798276265642        2.4126765970178758        2.0272915022532452       0.95880697340522658      -0.95237408492775499        3.2665400071731638        3.6007079633408758        1.6210805502770829       -1.0004872490772494        7.1202428645542255E-004   1.6794990846113775E-003   1.5719661763949190E-003  0.31401844887389485        3.9284983811971645E-002   23.310419074107877        5.5402401572046589                0
          13          59   1.5750000000000000       -15.239609096226340        1.8264260285950373        13.466098813169568        1.0232868071135217       0.40348770251247285        3.1156037092000863        2.9245405353897533        1.5499355930444643        2.8365505506813570E-005   5.5506795927292309E-005  -25.843247357921946        2.0217702614539639       0.32894047545385169        2.4492885985920428E-002   21.212212684766705        6.8835968392687148                0
          12          60   1.5999999999999999        4.7489629975664531        3.2892702569437271E-002  0.37833688510020524        1.9673089188284178E-002   2.8338898910415811        5.0509725673971584        4.8676308338212877        1.6286959682974819E-002   3.4310851442803951       0.10451764645462766        1.9868408199270284        7.1681222769196945E-002  0.29689194734376728        9.5400175269140831E-003   27.969496230213529       0.55891699471074474                0
          11          61   1.6250000000000000       -2.6251192574979050        5.2127175995954085        13.618115995758449        1.2207860778404518        1.6979109155586638        2.5393727968494684        2.2837287494750487        1.2683650016900299        14.174245797030656        81.470761494769263       -25.856735091396576        2.3849695063137424       0.33499261102922201        2.1584975409707271E-002   21.600350974835923        2.7658737914067686                0
          10          62   1.6499999999999999        3.5343384455625424       0.69161994731614396       0.60560275042255918       0.33963848870888852       -2.0086107930173438        1.5950561342468279        4.1079090395689786       0.78379305203841521        331073958.97876620        202516727.61884856        43.780617327671315        5.3429740263189114       0.29795608782282273        1.5522042048449520E-002   22.954372769209186        1.0916254754564343                0
           9          63   1.6750000000000000        3.7072588386092407       0.63251238793509734       0.53349315013289400       0.32257242117695384       -2.3337552291856647        1.5523885189861149        4.2580133954614894       0.75937200573558594        2.0175659070766453E+026   1.8922359132829691E+026   119.51070436250222        2.6151500271796202       0.29512328370860735        1.4426340404894383E-002   21.899997663117436       0.92013734632359501                0
           8          64   1.7000000000000000        3.6542147821158792       0.54740613751184675       0.55591897010537350       0.28625002047565057       -2.2762741861842191       0.97548737789811801        4.2315530004375157       0.47945116923324538        31.434295180080468        1.4142128552668460        49.029639953438064        1.4142128532466656       0.29569841672206770        1.1083434599476217E-002   21.937912127505928       0.50321926221657021                0
           7          65   1.7500000000000000       -11.659821537240187        1.4375936282757056        4.4976687947620624       0.58632360440248399        3.1863526714102410       0.65531922918015784        1.5456701225963678       0.32692051126597860       -1.0073637595397400        6.7640249190711044E-003   1.3759494278486259E-002   1.2529037524788027E-002  0.34277953389508348        2.0067984524225126E-002   14.900891449225313        3.7291025294082374                0
