 DOF, binmin, Energy, (Pval,Perr)[1->5], Chi, P-Value, Converged [0=yes]
          47          25  0.72499999999999998       -5.1464539607313036       0.23124539175909606        3.0201107251397787       0.10618950655374723        3.1342907937713358        1.2827387184282998E-003   8.7921578111544371E-003   1.5438840953612325E-003   3.0644195180013080E-002   4.8218684168297866E-002   9.2929567150122292        4.5720861781682087       0.20854031409872714        1.2892990199688684E-002   127.50324731097803        2.3362819508719087E-007           3
          46          26  0.75000000000000000        4.2441609574569306       0.41172043941372533       0.24471419665193692       0.20580258442066729       0.97636932648545383        7.7964692880615347E-002   2.5633179008387699        7.8681274460771791E-002   1.7072754354089155       0.64603601698096624        4.7206896938087102       0.46540518507966189       0.32804256113525282        7.1492256662069806E-003   64.950632387980747        3.4165863388616491                3
          45          27  0.77499999999999991        4.1958308677809573       0.40548871949587628       0.26343922372236717       0.20447612038480548       0.97315032208570018        7.7796913423437516E-002   2.5657741109902714        7.8466904037293311E-002   1.6391542028209927       0.61182323559175722        4.8705701156403212       0.54464304156070531       0.32819762371845990        7.1980833422413387E-003   64.646927009727833        2.8922927925923920                3
          44          28  0.79999999999999993        4.1167070345649117       0.38791149446694762       0.29368601394509969       0.20002254599027200       0.96267673306074186        7.7719323073904042E-002   2.5727284028234809        7.8161456823438849E-002   1.5475932684187748       0.54813016049575258        5.2026148480745604       0.67019301223204275       0.32846696321573865        7.2798280571691760E-003   63.884266226411313        2.6583149362949481                3
          43          29  0.82499999999999996        3.9870970013555822       0.36057276591294679       0.34622801242970774       0.19315006207019714       0.94263954960905338        7.7159523267348387E-002   2.5862040656910117        7.7556385991760068E-002   1.4211040153354817       0.45746444304642697        5.8542611592335758       0.86923116966498304       0.32863656194375063        7.4540699893555192E-003   62.299639552697577        2.8595012770336732                3
          42          30  0.84999999999999998        4.0275811287154477       0.38092751271031433       0.32972718573654941       0.19905536412178598       0.95256883092198641        8.1100850357550727E-002   2.5797135434896643        7.9350785478072131E-002   1.4530275667909593       0.48942813257312190        5.6339179998749991       0.96812910683133913       0.32863556058689292        7.4087961375319178E-003   62.081198154981010        2.3534566903918810                3
          41          31  0.87500000000000000        3.9504100968522229       0.36045680361510130       0.36042551007832063       0.19311090944254311       0.92305509425279986        8.4952496675432643E-002   2.5978678464779530        8.0729865990667449E-002   1.4251420433930870       0.43191584160183649        6.1868117999561765        1.1688854889799591       0.32865368989954624        7.5157593721736299E-003   61.340084129240793        2.1369648980590394                3
          40          32  0.89999999999999991        3.8306007113574005       0.32821688062752180       0.40979835812473864       0.18418110360350817       0.84782460481291166        8.9480998376328197E-002   2.6421938547584127        8.2319529455904969E-002   1.5073623635339519       0.37031020700634931        7.4591446199956390        1.4456364386664315       0.32814086552902577        7.7357225254121673E-003   59.090599610121551        2.6294002081398276                3
          39          33  0.92499999999999993        3.8311492593423839       0.33158277793293478       0.40949399848554102       0.18538745707789608       0.84798726736055108       0.11531291549193537        2.6421054944951692        9.0241038978476643E-002   1.5072542586613484       0.43419614079453372        7.4562738815956209        1.6760398543373745       0.32815362181467733        7.8117709243410646E-003   59.090592752711132        2.0477248458875130                3
          38          34  0.94999999999999996        5.0017562720599855       0.20677963814899031       0.48645164928789086       0.11316122789841364        1.6268173300190609       0.12535870311903491        2.2540883259934801        8.9351048627154886E-002   2.9929981041635467       0.82553627808461250        3.5429697521904835E-004   17.509047906999626       0.34150110555289476        7.3115827366281349E-003   64.130145422733676       0.50606627638393098                2
          37          35  0.97499999999999998        5.0919679224373979        1.9218217974646614       0.43577817770338723       0.15228911374219908        1.6803579788445331       0.15010724261176045        2.2265906803519715       0.10275247590774085        3.0379857192140327        7.9361274862961286        3.3717480030226454E-006   3.9460113265214898       0.34476711806560251        9.4186481848640615E-003   63.267509576038805       0.45626758456000810                3
          36          36   1.0000000000000000        5.1723236593578035        2.5637017580642532       0.38215316489748735       0.15870935038639442        1.7539253221340907       0.16151544456259589        2.1894766564441426       0.10865701843992945        3.0262092002332359        10.577683337212761        2.4411383414690846E-005   2.1696854538161254       0.34857746989675442        9.8277032303780917E-003   62.071810045365808       0.44429892689198325                3
          35          37   1.0249999999999999        5.2827861306770982        2.0992211978159303       0.43923539221202296       0.16522982697897198        1.6402026347434049       0.18574201731337975        2.2498700069833606       0.11668651751494913        3.9331576078035710        10.624760127348310        2.6779574724411503E-006   4.2396170401716802       0.34413726321724925        1.0476469946524170E-002   60.371802487744588       0.48837983895724801                3
          34          38   1.0500000000000000        5.1572139398053034        2.2992604454928416       0.42051888328649839       0.16899048412381285        1.6881494764857781       0.20667326769544547        2.2249011746900278       0.12650006308899026        3.2196223150235945        9.9625914551102159        1.4439876816485508E-005   3.1454235337797871       0.34580145083191766        1.0962340843301570E-002   60.074073086007907       0.38020333999376626                3
          33          39   1.0750000000000000        4.8438006537237497        1.5144848645451945E-003  0.28592654034523246        1.4066670756454948E-003   1.8765703858480838        3.1855265355366495E-003   2.0740712148509197        3.8388468913177257E-003   1.5442585453544897        1.3462912346883116E-003  0.12573923215204452        59.726020033921444       0.35387021136326879        8.4089894192308957E-005   62.126374433867674       0.15920233225855748                2
          32          40   1.0999999999999999        3.7677847634591290       0.25283980751366231       0.38811513734419589       0.16224089655652635        1.7215257528564483       0.24434975722337485        2.2096446219191765       0.14282687128503785        3.0022998662760076        1.4098193341068825        99.420805381238836        74.604763862829998       0.34805018687450778        1.1127886878613781E-002   52.794863784750021        1.1773752477860073                3
          31          41   1.1250000000000000        3.8192472750934043        3.0919891216401869E-004  0.74047883216642607        1.5297134568549435E-003  -152.09465675554566        2.1675428134161376E-003  0.51138939696583274        3.8711286423802112E-003   3.0744511875289544        2.5382626166131812E-004   20.238104298293841        1.4145377455337282E-002  0.40245166258968568        1.4671898781501997        549.71501118060439        3.1374155712669823E-094           2
          30          42   1.1499999999999999        3.5307193919714974       0.34619186371044075       0.57708821735062354       0.20541707673941639        75.151302831476045       0.33537952916676983        3.2166427061381895       0.18969260049318279        18.406533918513635        14.481713032153122        14.697214176038004        2.7960028920952444       0.31340311413819744        8.9929822184846176E-003   38.052541493900989        14.840517464141925                3
          29          43   1.1750000000000000        3.7860300615382068       0.26025058759704522       0.37482713657043226       0.16651547742651335        1.6467358686872666       0.30928125853447880        2.2505717262844307       0.17325349719299732        3.0011894906465022        1.4138713078289191        93.614238139391446        80.481815357866722       0.34750384304595749        1.2041560406175210E-002   47.393106133879606        1.6974962303660315                3
          28          44   1.2000000000000000        3.8570463702351581       0.15013346413688017       0.32987730311611385        7.0560149963049337E-002   1.3727800090413027       0.13816630934028834        2.4084412813909006        5.5480226943493104E-002   3.0044686870174049       0.39884663987842872        27.881316292604431        81.146383314816873       0.34721462959054422        1.9553119048765985E-002   46.143748919550866        1.6840442843206078                2
          27          45   1.2249999999999999        3.6418567738120688       0.26784552829769198       0.46780061771245973       0.17218813408245920        1.2138474261723480       0.34659946857578805        2.4747733275714161       0.19349376922341791        3.0017534419047522        1.4061407380030215        63.692163222143265        79.528673616232567       0.33663977505922732        1.1634579339627681E-002   44.041473759623067        2.0474927661593161                3
          26          46   1.2500000000000000        4.8522897174940640        2.6972790551006489       0.48674332012747873       0.19223499231799002        1.1308561042628198       0.41372556505114655        2.5164493861731616       0.22627622877698317        2.4510436239978426        9.5232088029648629        4.7830672755821979E-007   3.6618436575412887       0.33464262701392389        1.3030538619961646E-002   43.873025724209803        1.5598241931380572                3
          25          47   1.2749999999999999        4.6271187348120559        6.2123159323848479E-004   1.4037916727148991E-002   5.6423275433835265E-004   37.878003228801347        1.7870760531687975        2.9766885487132289        5.3202021629909987E-002   3.0022293057140228        9.5266492762908724E-004   5.8297516769921396        1.4055398480578019E-002  0.34380487843413154        3.1482682254472860E-004   67.424260838977958        9.2175130846509543E-004           2
          24          48   1.3000000000000000        3.6613831097821774       0.47222295235616130       0.54204802728769441       0.26082089970812733        36.085450985624426       0.47369477124236214        3.9046466674873410       0.25548670129512074        185.63948172339519        274.33645317856815        16.594813926943296        3.8720247553032792       0.30048572947303115        8.3065335930226011E-003   34.321535366438830        7.9114620147735346                3
          23          49   1.3250000000000000        3.6774531677488929       0.48284378800831163       0.53774114720268684       0.26519119047707207       -1.7535523838039107       0.59186786621942578        3.9733355848191274       0.30856874910228171        231.21287126858593        382.17619516674955        16.782521187618311        4.0368962880299097       0.29929949350411783        8.7737140676668393E-003   34.237380630251252        6.1802803699034765                3
          22          50   1.3499999999999999        4.5530791031571880        2.7166339159228530       0.63716695420801095       0.22034230968884019        7.0624483103364277E-002  0.48159758241291506        3.0650149299339349       0.26276118831304990        2.2057639017914434        8.9310137583799332        7.2429827191466956E-006   7.8069042067280767       0.31703524647429293        1.1340286817966188E-002   36.264242659087579        2.8443574246092949                3
          21          51   1.3750000000000000        3.4829602756868012       0.54000280767269648       0.65710591321426937       0.29889913265106538       -2.8830191403737055       0.40938313414174493        4.5384319095695096       0.23435510076786248        9104.9660240948378        19445.741289807142        24.267041244239550        5.4519118764823258       0.29108831879624325        7.8121882744186487E-003   29.185103353007300        10.962795531796257                3
          20          52   1.3999999999999999       -8.5316306631828152        1.2973321051626521        9.1387352025031401       0.82769413972666628       -1.2704072159777811        1.6997079041021206        3.7542648448517131       0.84199914074766669        1.1329262128884662E-003   1.3724254479630753E-003  -17.313938846223031        1.5108229076070634       0.31726792835151851        1.8460126533553944E-002   26.525577793362611        14.914677768692785                3
          19          53   1.4250000000000000        3.4938569704222666       0.50504156405092093       0.63581229848692022       0.28107398677012224        4.0618725433063334        1.1286205176421205        4.2148896407083329       0.56441194088358193        5415.5116161242531        17023.864288255412        24.604496873385603        9.8332720035074264       0.29607957452706352        1.1713413659906042E-002   28.767934000077691        6.9724116060793806                3
          18          54   1.4500000000000000       -7.6097437884905759        1.5833554850324292        8.3055926189168385       0.94249293342819374       -2.0569380983261438        2.5450829564765707        4.1397439100621067        1.2461520162449824        1.2996538970781856E-003   2.6660136507259940E-003  -15.902527106077835        1.7675139432635016       0.30965768158160556        2.5103648225643947E-002   26.351611338531576        9.1986013456313600                3
          17          55   1.4749999999999999       -8.8422589524479420        1.5034071355993912        9.2608283328234720        1.0192580785231049       -1.4498110831472764        2.8622180671054083        3.8415233169042113        1.4171234397181574        8.3862836122362958E-004   1.3635899043856886E-003  -17.633286681034008        1.8714224751699828       0.31593709859103236        2.8066513789849607E-002   26.169979619042692        7.1418860872619785                3
          16          56   1.5000000000000000       -13.336774408298973        1.4638628693393378        12.248689653929127       0.98630252643734806        18.598666785213410        2.5810558159339880        3.2483932023155759        1.2872309416681178        7.8289097256030685E-005   8.8012990589885737E-005  -23.462954598551175        1.9401752257378713       0.32552163559393421        2.3855967815147792E-002   25.059362193483370        6.8785775633902837                3
          15          57   1.5249999999999999       -22.933668356701897       0.44948993275795002        18.182875440158579       0.29678155019650271        22.402085963922854       0.11539572610473300        1.3602255558524241        5.7646469195485585E-002   5.9463205133965725E-007   2.8176498212498445E-007  -35.047518791529484       0.62657537261010188       0.33362940011373571        1.5148919498339613E-002   24.700296545604822        5.4116031366893882                2
          14          58   1.5500000000000000       -8.8568040173444498        4.1149499168780901        13.681392054847471        1.1922058020064294        1.6568276653484493        2.3606508265240649        2.3055522567599631        1.1834880416504874        2.9897161058815860E-002  0.13526344436071810       -25.937913926051483        2.3522817429790512       0.33453684880322732        2.1541352236041967E-002   22.516853124054368        6.8599772023258039                3
          13          59   1.5750000000000000       -15.130668999554260        1.7584865748629444        13.397284559830785        1.0202935087538414       0.37377399622784707        3.0182876575916562        2.9392417788445999        1.5019361777456575        3.0106346193153483E-005   5.5559588162903643E-005  -25.707983659895405        1.9934193547832582       0.32882002644418207        2.4249610161387655E-002   21.212264675963397        6.8834991015809477                3
          12          60   1.5999999999999999        5.0019929213427901        3.2884362628594621E-002  0.20230770892116978        1.9670502997365055E-002   2.9665508605329158        5.0505936438782726        4.7843740670341770        1.6274266934190026E-002   3.3813379648090107       0.10459138660040980        1.9887473377318554        7.1661072813239621E-002  0.29579574086675631        9.5464138138431163E-003   26.036640283953929        1.0606484052428888                2
          11          61   1.6250000000000000       -2.5415885537046270        3.4856784023986931        1.9143371116355050       0.81089341716586638       -1.0967618253138363        1.9851072082143755        3.6692309728174433       0.98460452777187879       -1.0249974589544306       0.12735055249571889        9.0617569549290553E-002  0.40498759502199611       0.31219506772523992        2.4798611328385633E-002   22.549980797519101        2.0442378716137415                1
          10          62   1.6499999999999999        3.5350526364986936       0.69386093670092008       0.60525319139212452       0.34036916201934392       -2.0086557987300608        1.5960273844383452        4.1079571642720456       0.78421436510687992        282845135.37615126        209827743.22860545        43.472941815822672        5.4470037022945723       0.29796380859104016        1.5534013501877645E-002   22.954397061142554        1.0916163746024030                3
           9          63   1.6750000000000000        3.7139398314125733       0.63502646585000544       0.53069733898642091       0.32341308255211176       -2.3395232875806951        1.5546728687601870        4.2606364691149725       0.76027973715876673        4.7518909339349158E+024   8.5696205690344350E+024   112.29100967160450        3.9520455265141385       0.29505842949981487        1.4436231390297696E-002   21.900870440865368       0.91985119870790011                3
           8          64   1.7000000000000000        3.6538067924512401        1.3502967932825733E-002  0.55608866451032835        7.0336243723334805E-003  -2.2753536590013672        1.1887730717192822E-002   4.2310961222779033        6.2645806599078016E-003   20.211245858659169        10008693.377064366        31.539492503022323        3207.0142686381550       0.29571216859105398        9.5213081254853814E-004   21.937918710931861       0.50321801480723871                2
           7          65   1.7500000000000000       -16.571739260661239       0.88200703933792290        34.888996934678026       0.43637361845367434        5.8658390259521012        1.8365042815306269E-002  0.20727926742614927        9.1284516336642176E-003   35.688530763717999        32.097647168021830       -69.606248207014417        1.0257021798205694       0.31830890574063658        1.3486589153752379E-002   16.067411622961899        2.4507563999420010                2
