 DOF, binmin, Energy, (Pval,Perr)[1->7], Chi, P-Value, Converged [0=yes]
          38          34  0.94999999999999996        4.2441544669995839        2.5396497087086960E-002   1.0452103421145019E-006   1.1086594571089211E-006   2.6570912322014015       0.11686933780808591        1.5501542649644895        8.8905583043622644E-002   14.768005183572233        1.1298558225518882        1.1923117168629518        5.6727459284388014E-002  0.31593900934882096        1.4264278640013898E-002   56.530827830796703        2.6937692297014704                2
          37          35  0.97499999999999998        4.2587094854993595        3.2412641826465423E-002   1.0317455462014466E-005   2.8041329467118617E-005   3.4779393745500178       0.77437721930456116       0.82138887195998678       0.65317926777351987        12.408552340214358        2.8610471556973005        1.7292826013413465       0.74228550030614315       0.31738459199140689        1.6636960633524350E-002   54.555354365375017        3.1406700750837513                3
          36          36   1.0000000000000000        4.2674443739541603        2.9792940170634972E-002   1.6132806209789754E-004   6.0011558088551690E-004   4.1948221273688713       0.38323655471664492       0.30561535805925150       0.22158821291267025        9.5086653684175673        4.1018328609062262        2.7155521979564998       0.78145550427095289       0.31762388397710506        1.5731470924803703E-002   50.898233103470645        5.0975661377520272                3
          35          37   1.0249999999999999        4.2678096887083345        3.0304477216104412E-002   7.5982183623895540E-005   2.3323178080898857E-004   4.0191335540133286       0.47807383876918252       0.40971855138648217       0.30891841980821927        10.313357306666948        3.3470817347341439        2.4155728345944678       0.78028316063054548       0.31835076704016385        1.6293523040463463E-002   50.636018669123430        4.2409398738833692                3
          34          38   1.0500000000000000        4.2572052329060890        3.5536375522236027E-002   2.8240208607065989E-004   1.3510440726464438E-003   4.3819801630150739       0.39842985416366006       0.22195816810810506       0.18255306720619596        8.9267651140453630        5.3160087391678452        3.0342671268190058       0.89179864607804382       0.31633457372180507        1.5431228086798813E-002   48.872681974760518        4.7391645904785156                3
          33          39   1.0750000000000000        4.1736732686675522       0.13030164757768264        1.9952122205002887E-004   7.1581931046202244E-004   4.8694258408786615       0.47578328250297469        9.4308259979211329E-002   9.8034544634681933E-002   9.4190435249450442        4.0367319062623341        3.8223918254844036        1.0266181733584057       0.31629310001905381        1.4831127107214874E-002   40.128189224157254        18.353503757052351                3
          32          40   1.0999999999999999        4.2044832456326393        9.8070657620331167E-002   1.9983220025439861E-004   7.9707951235174655E-004   4.7563688104644672       0.46177914429995448       0.11519606102593415       0.11300356715103731        9.3803907792216759        4.4791810057995880        3.6488332161636876       0.98993126266893294       0.31598422375555307        1.4965944693761385E-002   39.615975880445276        16.666983998964589                3
          31          41   1.1250000000000000        4.2007990167913851       0.10761878057503330        2.0022564361184945E-004   7.8783216229086827E-004   4.7710326902000260       0.47889577394866689       0.11236434989439553       0.11257292775679892        9.3820902078574200        4.4200407773876602        3.6700849386316516        1.0019619966802746       0.31601393950030376        1.5007882543629955E-002   39.609422421538433        13.808723545508899                3
          30          42   1.1499999999999999        4.1117619532679148       0.21201514311333544        1.8638523448076869E-004   5.9690639854184668E-004   5.0126857407019445       0.54821028014092588        7.7471646200192548E-002   9.1502868906657195E-002   9.4652521877441647        3.5661981507060823        3.9439859666568866        1.1045682931299574       0.31953789692126833        1.5272592612759577E-002   35.577849607289394        22.222313549464097                3
          29          43   1.1750000000000000        4.1919161331053898       0.12709304181366132        1.9348639460938641E-004   8.0216416947375140E-004   4.8016228744815272       0.49948531837434695       0.10949733912712936       0.11141851818728310        9.3309778119528648        4.6038639144638873        3.6734231975935727        1.0001693540956518       0.31912618652185465        1.5306235441200609E-002   34.169038011349748        23.312613673383449                3
          28          44   1.2000000000000000        4.2203919995253925       0.10560159921492557        2.0508887896323444E-004   9.3601046346476887E-004   4.6906632168707629       0.50631693614163842       0.13164394561429388       0.12820128467410624        9.2432313660876542        5.0659659984926471        3.5175915026951179       0.96701809878040212       0.31870233261101488        1.5718446036064773E-002   33.997370333894729        20.095987130674356                3
          27          45   1.2249999999999999        4.2538798944447942        7.6245200889588804E-002   2.0701112173397717E-004   1.0185392529429562E-003   4.5239912264920799       0.50329621317621698       0.17059576652517208       0.15424125411705272        9.2038393768526632        5.4572250521700107        3.2951845137850344       0.90946839199095986       0.31836231700261081        1.6034959650188186E-002   33.321381226592820        18.667005563355261                3
          26          46   1.2500000000000000        4.2636387661278059        7.7364058545023248E-002   2.0350660276452427E-004   1.0324225047743643E-003   4.4779554715277907       0.52016522789848507       0.18021543639234747       0.16195898060619529        9.2250670799501062        5.6307980624219827        3.2550035258021448       0.90356264683198273       0.31786099688272218        1.6341200323649115E-002   33.272558945655717        15.433661808714696                3
          25          47   1.2749999999999999        4.2951642515546515        6.0388539191128084E-002   2.2694453217984785E-004   1.2921186402575031E-003   4.2404872627694106       0.57415936800621270       0.25130407736258792       0.21841708947897412        9.0740242573147647        6.3013044132224003        2.9633291701798119       0.87101841754398213       0.31799246428012523        1.6796400025317862E-002   32.878583311268088        13.413159433645799                3
          24          48   1.3000000000000000        4.3005928457162259        6.0474141316005960E-002   2.2371131526927518E-004   1.2877441155472031E-003   4.1865088111057505       0.60633707474807585       0.27051229533258059       0.23820424126554599        9.0774584538895766        6.3656638162949273        2.8963957588377567       0.87434050104650562       0.31826092363277236        1.6808308097074749E-002   32.847850360430364        10.732472640340422                3
          23          49   1.3250000000000000        4.3004083754875690        6.9173342987155342E-002   2.2374041571348926E-004   1.2906653644841389E-003   4.1881867510218518       0.64862421845715301       0.26994417177108598       0.24518995239365202        9.0774752909373291        6.3802815351163273        2.8982181392084558       0.88815673704292353       0.31825988376540909        1.6914431840093030E-002   32.847833070635225        8.3755007369707943                3
          22          50   1.3499999999999999        4.3325306020771857        5.1952223144732218E-002   2.2812700132723507E-004   1.3954851716626050E-003   3.7895125576327815       0.76156549078248625       0.43064404188272443       0.37554948358078655        9.0061552863686796        6.7377894890737009        2.4890926542999421       0.83279154745290640       0.31968959113222856        1.6777731928012247E-002   31.772800373786893        8.1352860317382589                3
          21          51   1.3750000000000000        4.2746679672557768       0.10681863371147149        2.3987438428507609E-004   1.1271159629895713E-003   4.3103392846764548       0.73587261085257916       0.23956515923412100       0.24578159888111312        9.0581183923329966        5.2248944906521206        2.9842800085212526       0.96800959312548818       0.31819547909296952        1.6472913893902302E-002   30.622713373956906        8.0170336543805227                3
          20          52   1.3999999999999999        4.2357069606875575       0.15884540744064893        2.4020102560403007E-004   1.0175832479150052E-003   4.5065446612811284       0.76383938578464372       0.18704895494595444       0.21085883425788565        9.0984401033201863        4.7246714732918518        3.1855632052495788        1.0429773203474952       0.31849040475241192        1.6533944245695795E-002   30.424312173369486        6.3263855490386751                3
          19          53   1.4250000000000000        4.3339127637372430        8.2136352338742377E-002   1.9201287474808243E-004   1.1159122891152965E-003   3.9079496558666964       0.86022057017721032       0.36705745096337827       0.35627376244073500        9.2462350151440962        6.4609266306578865        2.6492543646572808       0.90088831862973406       0.31790734330809467        1.6633712627791831E-002   28.700769222646382        7.0839881549599371                3
          18          54   1.4500000000000000        4.4084427787971858        6.5998595999817430E-002   2.1218366214422520E-004   1.5926395433757264E-003   2.7999174409953937        1.3164469383527015       0.87350250481819569       0.79857579982075522        9.0616427214942217        8.3016132997243517        1.9681050251276391       0.78719468192520170       0.31824211737654740        1.7001553454453509E-002   27.171915204651967        7.5826995239869719                3
          17          55   1.4749999999999999        4.4189199358784910        7.2382679106229600E-002   2.0436536830962065E-004   1.5435248076417127E-003   2.5289342637254024        1.5203083263630015        1.0222894279764660       0.95337476793317488        9.0975963833136433        8.3529266990780968        1.8521784212061876       0.77514998776690003       0.31826369175575286        1.6931114646327794E-002   27.102006336157952        5.6588667279279985                3
          16          56   1.5000000000000000        4.3980056360342399        9.7520479669415974E-002   2.1651197798944712E-004   1.4975111137565768E-003   2.9164805565378762        1.4604199849458914       0.81887487600041464       0.80316670181356498        9.0541287338248786        7.6559643864928537        2.0117365679325330       0.81622229260043488       0.31840657656073668        1.7254591698492281E-002   27.004311481615822        4.1435256739185258                3
          15          57   1.5249999999999999        4.4360028080416312       0.10047170158646435        1.9080999677318288E-004   1.6970098927017903E-003   2.2426612319528108        1.8398939679199076        1.1817514497499808        1.1411507046016749        9.1284277930823787        9.8136650311002551        1.7498267670756236       0.76204562834443268       0.31869219839761481        1.7784570976066023E-002   26.759336959980192        3.0759469916496442                3
